0.0 -9.170477139103443
0.01 -8.7624092465654
0.02 -8.556429983530153
0.03 -8.366571103819588
0.04 -8.045544604720785
0.05 -7.976153865686174
0.06 -7.9060162616069345
0.07 -7.856389430608767
0.08 -7.797214042201896
0.09 -7.751516178495816
0.1 -7.699884813335958
0.11 -7.65858118670142
0.12 -7.803226790637063
0.13 -7.812257119060021
0.14 -8.10690015887339
0.15 -8.134076565333373
0.16 -8.07753886867493
0.17 -8.045074849628381
0.18 -7.827986748045276
0.19 -7.702046107085265
0.2 -7.6777265214635575
0.21 -7.65524825683134
0.22 -7.645116200578025
0.23 -7.631225314458069
0.24 -7.6242931727277234
0.25 -7.54884055519745
0.26 -7.285929049155752
0.27 -7.456959781267426
0.28 -7.576176803798553
0.29 -7.574989580331432
0.3 -7.570446034954148
0.31 -7.56969386094728
0.32 -7.5668035184499045
0.33 -7.574259664747088
0.34 -7.559272160457538
0.35000000000000003 -7.55453824898407
0.36 -7.596287676090503
0.37 -7.547048703145059
0.38 -7.521973151976741
0.39 -7.5172804268771785
0.4 -7.534768923393952
0.41000000000000003 -7.497651068878606
0.42 -7.504691411988988
0.43 -7.396913032887358
0.44 -7.212261864640141
0.45 -7.175955715112929
0.46 -7.200480652463403
0.47000000000000003 -7.21765876022009
0.48 -7.18117762950464
0.49 -7.35692658299826
0.5 -7.4974146539383755
0.51 -7.539841861497597
0.52 -7.554090024696362
0.53 -7.569961272687915
0.54 -7.628718177229898
0.55 -7.458563316072313
0.56 -7.547262554970247
0.5700000000000001 -7.5548109477067715
0.58 -7.585241453086704
0.59 -7.576731695969666
0.6 -7.672351319393774
0.61 -7.793225464649492
0.62 -7.757478890742787
0.63 -7.685483284994609
0.64 -7.445284995539468
0.65 -7.405625397053393
0.66 -7.4528900560819995
0.67 -7.452759927393197
0.68 -7.567275876257876
0.6900000000000001 -7.846417705637334
0.7000000000000001 -7.925804789919955
0.71 -7.886873206133953
0.72 -7.616272676980377
0.73 -7.520319536914223
0.74 -7.537920386400857
0.75 -7.598960811436459
0.76 -7.558706578473937
0.77 -7.720164209652307
0.78 -7.72331182922226
0.79 -7.731875162391489
0.8 -7.598035108196215
0.81 -7.486495759116292
0.8200000000000001 -7.4752002081543605
0.8300000000000001 -7.592473799960507
0.84 -7.859843438037725
0.85 -8.000538062857705
0.86 -7.8368764089026826
0.87 -7.607208724318588
0.88 -7.5172018122596445
0.89 -7.493468455719726
0.9 -7.498828775463167
0.91 -7.707799722219703
0.92 -7.783716233947739
0.93 -7.645073883467932
0.9400000000000001 -7.483982037788723
0.9500000000000001 -7.495400413091019
0.96 -7.861866547857375
0.97 -7.879137937617479
0.98 -7.769104230138869
0.99 -7.525236746352277
1.0 -7.5323329333275755
1.01 -7.634264497849021
1.02 -7.842245526045318
1.03 -7.831295673817281
1.04 -7.53260760944349
1.05 -7.52936189181997
1.06 -7.542727454246497
1.07 -7.715239664533995
1.08 -7.8838267608605825
1.09 -7.928201003557579
1.1 -7.915271497125049
1.11 -7.729997285146517
1.12 -7.560913028005437
1.1300000000000001 -7.601554941621043
1.1400000000000001 -7.577824652208794
1.1500000000000001 -7.830633356639431
1.16 -7.850020360110903
1.17 -7.839447789400951
1.18 -7.769141389140617
1.19 -7.847473256113264
1.2 -7.854564857478616
1.21 -7.880325252070309
1.22 -7.908092019996186
1.23 -7.9279051594731325
1.24 -8.014809303977097
1.25 -7.9891774334244685
1.26 -7.756386197788396
1.27 -7.7360031362707335
1.28 -7.7367219639924105
1.29 -7.708124122335924
1.3 -7.8372778530210985
1.31 -8.164300926180802
1.32 -8.229144113449113
1.33 -8.176226754889553
1.34 -8.03083436980181
1.35 -7.912675434398501
1.36 -7.89753383480089
1.37 -7.841200535310388
1.3800000000000001 -7.946490019417654
1.3900000000000001 -8.086876065569905
1.4000000000000001 -8.215388856562118
1.41 -8.10690212276651
1.42 -7.904132153785822
1.43 -7.977580925464059
1.44 -8.030498461608364
1.45 -7.75787399562687
1.46 -7.53892222096032
1.47 -7.444624563305943
1.48 -7.505041460122416
1.49 -7.507369221454867
1.5 -7.432862401423884
1.51 -7.32871948177328
1.52 -7.5788472545643355
1.53 -7.648086587869391
1.54 -7.571009750090255
1.55 -7.540367226919373
1.56 -7.581578678804035
1.57 -7.582715803387194
1.58 -7.485215229193416
1.59 -7.46494702882528
1.6 -7.5526128834492585
1.61 -7.606681802272346
1.62 -7.584768992644767
1.6300000000000001 -7.48215618638447
1.6400000000000001 -7.519880363274268
1.6500000000000001 -7.567689564572201
1.6600000000000001 -7.573626295028794
1.67 -7.475326028640503
1.68 -7.251819389454065
1.69 -7.452563616849178
1.7 -7.509504631756566
1.71 -7.45225902371619
1.72 -7.426713476090811
1.73 -7.435390993236733
1.74 -7.443702823358973
1.75 -7.465055265716162
1.76 -7.476101409014248
1.77 -7.465341120376517
1.78 -7.435982815740984
1.79 -7.44235413168752
1.8 -7.456482979173344
1.81 -7.410961096992169
1.82 -7.351532865487417
1.83 -6.996587053020905
1.84 -6.914388962394969
1.85 -6.8419112416429115
1.86 -6.829085525648659
1.87 -6.776330649753249
1.8800000000000001 -6.721125160082431
1.8900000000000001 -6.779638433254819
1.9000000000000001 -6.757411247826464
1.9100000000000001 -6.98433202341262
1.92 -7.093916030907364
1.93 -7.074144962626786
1.94 -7.070375503456904
1.95 -7.047495102843637
1.96 -7.079827677514949
1.97 -7.002050497801367
1.98 -6.945056762591344
1.99 -6.648703484580222
2.0 -6.683550932188216
2.0100000000000002 -6.6664332923459115
2.02 -6.61007345318177
2.0300000000000002 -6.605539636645402
2.04 -6.606842698119212
2.05 -6.6051410367274475
2.06 -6.6093830137684435
2.07 -6.8050499311346995
2.08 -6.934384518829887
2.09 -7.224692848355077
2.1 -7.3670483680930205
2.11 -7.374475653788569
2.12 -7.363040085557461
2.13 -7.178926418248649
2.14 -7.013891845457495
2.15 -7.013796388599166
2.16 -6.959761468592085
2.17 -6.9477166615618975
2.18 -7.018825071433163
2.19 -6.865639080410304
2.2 -6.880810837245814
2.21 -6.6534076739818815
2.22 -6.787186206426791
2.23 -6.939134659783841
2.24 -6.926162339070774
2.25 -6.939634417864708
2.2600000000000002 -7.015142892401245
2.27 -7.055887819175671
2.2800000000000002 -6.83163525437275
2.29 -6.789145083145651
2.3000000000000003 -6.944362610059212
2.31 -7.013258440563672
2.32 -6.981984266545925
2.33 -6.982369684825468
2.34 -7.015464442294645
2.35 -7.03505390021782
2.36 -7.046764820254041
2.37 -7.044951725870288
2.38 -6.952101644456537
2.39 -6.804079323622921
2.4 -6.8137592002910985
2.41 -6.81401327530811
2.42 -6.8062106135972495
2.43 -6.979270469324521
2.44 -7.286226972058441
2.45 -7.602588045123604
2.46 -7.642615916983896
2.47 -7.776789253368529
2.48 -7.886255654834305
2.49 -7.957525735148545
2.5 -7.870396731426241
2.5100000000000002 -8.004442713070864
2.52 -8.072903109039107
2.5300000000000002 -8.077756007636266
2.54 -8.012297898957588
2.5500000000000003 -7.994553014213818
2.56 -8.106068799490275
2.57 -7.963516045371809
2.58 -7.894676795170095
2.59 -7.765430227766709
2.6 -7.266541850174144
2.61 -7.174406355564759
2.62 -7.177722642606553
2.63 -7.141442908599373
2.64 -7.4676629006398345
2.65 -7.608213228987993
2.66 -7.6029214300334615
2.67 -7.571702003956281
2.68 -7.472270032747857
2.69 -7.43675901916433
2.7 -7.423428801881386
2.71 -7.313068598937056
2.72 -7.443651490626493
2.73 -7.54318068386424
2.74 -7.494970617365341
2.75 -7.338690854783952
2.7600000000000002 -7.221663025181408
2.77 -7.21942869663311
2.7800000000000002 -7.314485877620625
2.79 -7.543416530244771
2.8000000000000003 -7.668915917865519
2.81 -7.601191189252377
2.82 -7.326657378964418
2.83 -7.240298011224355
2.84 -7.247976835833515
2.85 -7.265380369465365
2.86 -7.441587144635998
2.87 -7.565439980270431
2.88 -7.3987825958406646
2.89 -7.233274574563329
2.9 -7.252528093487466
2.91 -7.519700766290264
2.92 -7.612273273719851
2.93 -7.6819175605790955
2.94 -7.373008917621967
2.95 -7.274839634994021
2.96 -7.385939040029068
2.97 -7.596257301261343
2.98 -7.6247418623636785
2.99 -7.4915826024812056
3.0 -7.443437755346217
3.0100000000000002 -7.496475317690083
3.02 -7.713241517820751
3.0300000000000002 -7.922614723666987
3.04 -7.922129026868909
3.0500000000000003 -7.925401776630743
3.06 -7.752626830750713
3.0700000000000003 -7.607832849284684
3.08 -7.619734533621152
3.09 -7.662715956490116
3.1 -7.809005655499237
3.11 -7.813868463966298
3.12 -7.8890122315209235
3.13 -7.835430798163438
3.14 -7.910782955667008
3.15 -7.92416848089898
3.16 -7.890739321452773
3.17 -7.874470924568953
3.18 -7.876214682131452
3.19 -7.95017967063475
3.2 -7.987193603358688
3.21 -7.8590110975685
3.22 -7.871197465319019
3.23 -7.917703697692253
3.24 -7.852036631431416
3.25 -7.855992626691372
3.2600000000000002 -8.138178804505621
3.27 -8.083887916258318
3.2800000000000002 -8.090225450588884
3.29 -8.048012487337818
3.3000000000000003 -7.9624766268693135
3.31 -7.927964215997382
3.3200000000000003 -7.929418166112504
3.33 -7.938554635105737
3.34 -7.9776046365673645
3.35 -8.044923584765202
3.36 -8.194695223027582
3.37 -8.09582159645622
3.38 -8.027577267027063
3.39 -8.089650954077438
3.4 -7.860906327189224
3.41 -7.6005601679315244
3.42 -7.615432698391626
3.43 -7.627808139466016
3.44 -7.650036866488605
3.45 -7.623616563429965
3.46 -7.621105762595657
3.47 -7.840219660327006
3.48 -7.949159328453454
3.49 -7.897044930840369
3.5 -7.867382755716236
3.5100000000000002 -7.853871446272747
3.52 -7.813441477764735
3.5300000000000002 -7.851718470291975
3.54 -7.735576170803542
3.5500000000000003 -7.833087816991622
3.56 -7.737338294006833
3.5700000000000003 -7.822638083208372
3.58 -7.831584027316627
3.59 -7.84427665944361
3.6 -7.8836568241154295
3.61 -7.801248357110741
3.62 -7.637245028987723
3.63 -7.4324262660248825
3.64 -7.484149610165169
3.65 -7.596793058324992
3.66 -7.64547087312749
3.67 -7.647811835201717
3.68 -7.630468437719382
3.69 -7.547086014853657
3.7 -7.429179647111825
3.71 -7.166021994415633
3.72 -6.944368766216164
3.73 -6.859006469741484
3.74 -6.820672787731733
3.75 -6.819964655989741
3.7600000000000002 -6.735751182641947
3.77 -6.711178410126969
3.7800000000000002 -6.324403877971957
3.79 -6.309655333009964
3.8000000000000003 -6.317247893717553
3.81 -6.342673906539466
3.8200000000000003 -6.217472103232236
3.83 -6.303265311736116
3.84 -6.353800525353588
3.85 -6.4608711008388156
3.86 -6.843225711949387
3.87 -6.886063767190739
3.88 -7.079298098584679
3.89 -7.175715859487687
3.9 -7.185927434772997
3.91 -7.180877312304686
3.92 -7.19006914257604
3.93 -7.188170930599182
3.94 -6.89083649491805
3.95 -6.858700617578427
3.96 -6.866054484359899
3.97 -6.86938802594591
3.98 -6.860197706917942
3.99 -6.859634187712054
4.0 -6.848089875518107
4.01 -6.822685536702693
4.0200000000000005 -7.011485657707636
4.03 -7.168155802213707
4.04 -7.392533782492546
4.05 -7.597658890591109
4.0600000000000005 -7.578424365963047
4.07 -7.561931842950743
4.08 -7.4388035881344825
4.09 -7.22019942813804
4.1 -7.178470844630862
4.11 -7.144149296776268
4.12 -7.103804420550455
4.13 -7.1039606447755235
4.14 -7.075454106484678
4.15 -7.080510952443711
4.16 -6.7913176967715305
4.17 -6.831452771325117
4.18 -7.090478073464537
4.19 -7.106840342590689
4.2 -7.048936399789621
4.21 -7.045462221461273
4.22 -7.08383850395475
4.23 -7.091004577708154
4.24 -7.050968971435375
4.25 -7.02185591007293
4.26 -7.072006548040314
4.2700000000000005 -7.013897818167616
4.28 -6.881916026409057
4.29 -6.9362996231844525
4.3 -7.004577028635479
4.3100000000000005 -7.173879261469077
4.32 -7.189763900660138
4.33 -7.180582825319691
4.34 -6.987434948432862
4.3500000000000005 -7.1314167652506635
4.36 -7.476833567914333
4.37 -7.585945514991317
4.38 -7.473123063705992
4.39 -7.734044804833311
4.4 -7.995309333431189
4.41 -8.010863499530021
4.42 -8.067623960168989
4.43 -8.067446159040818
4.44 -8.148894145844496
4.45 -7.868678599683584
4.46 -7.792624223267514
4.47 -7.712191408553712
4.48 -7.649861240861926
4.49 -7.410667421973736
4.5 -7.461380357555093
4.51 -7.49886670042745
4.5200000000000005 -7.532035333061124
4.53 -7.486777547192261
4.54 -7.417323549710877
4.55 -7.296558065384741
4.5600000000000005 -7.268162917157539
4.57 -7.19369694252095
4.58 -7.257149565237383
4.59 -7.4549318792254695
4.6000000000000005 -7.66113973895149
4.61 -7.544868849628751
4.62 -7.390886074256772
4.63 -7.228621582555503
4.64 -7.184428225383591
4.65 -7.2016573514292
4.66 -7.073705773922612
4.67 -7.178911810006261
4.68 -7.19408899865563
4.69 -7.196658559079463
4.7 -7.111928820288411
4.71 -6.868802531233101
4.72 -6.954850818622647
4.73 -6.954679383628664
4.74 -7.222250611401571
4.75 -7.425533068533048
4.76 -7.385959369659596
4.7700000000000005 -7.274851359406694
4.78 -7.026275707846884
4.79 -7.099588235119406
4.8 -7.103464667783698
4.8100000000000005 -7.2536871878994615
4.82 -7.435690359210457
4.83 -7.431274731296748
4.84 -7.206862930002358
4.8500000000000005 -7.1946115887655155
4.86 -7.371533797830968
4.87 -7.557145530981269
4.88 -7.624453511998603
4.89 -7.533168839265934
4.9 -7.336418309964994
4.91 -7.3738086955196795
4.92 -7.642970041351256
4.93 -7.526935463866155
4.94 -7.4354332480177
4.95 -7.413431828464013
4.96 -7.472944587631631
4.97 -7.569109632322615
4.98 -7.775503114886911
4.99 -7.901904749810294
5.0 -7.955176465537571
5.01 -7.848445309780064
5.0200000000000005 -7.5602533070345554
5.03 -7.579037185766886
5.04 -7.5977859460819
5.05 -7.791077919439023
5.0600000000000005 -7.915670913823423
5.07 -7.9057827447371665
5.08 -7.820850671675951
5.09 -7.837965862670729
5.1000000000000005 -7.8509736937027395
5.11 -7.8814326117487585
5.12 -7.903902508135648
5.13 -7.925441248479307
5.14 -7.975919847690543
5.15 -8.088848583939834
5.16 -7.994464354642644
5.17 -7.9529863416495985
5.18 -7.929804318772586
5.19 -7.859023999218466
5.2 -7.838497268507841
5.21 -8.025492805233993
5.22 -8.09375516360085
5.23 -8.162166027564872
5.24 -8.074177790815076
5.25 -7.913743456570857
5.26 -7.8776245407545415
5.2700000000000005 -7.825480414467221
5.28 -7.855568297509312
5.29 -7.86023730976794
5.3 -7.934215254089204
5.3100000000000005 -8.04443074743354
5.32 -7.991169746320466
5.33 -7.9928092945944815
5.34 -8.085158606671287
5.3500000000000005 -7.755086186758472
5.36 -7.443133819494119
5.37 -7.379010877316665
5.38 -7.348647272563616
5.39 -7.347736394753605
5.4 -7.31972642572176
5.41 -7.347399609045359
5.42 -7.545677140381498
5.43 -7.480388791412456
5.44 -7.531870847470947
5.45 -7.5181890860603104
5.46 -7.412325311881049
5.47 -7.439612744950866
5.48 -7.454769428640567
5.49 -7.369545528105851
5.5 -7.419193364635178
5.51 -7.381760058689682
5.5200000000000005 -7.313678524257071
5.53 -7.318362777217388
5.54 -7.362512034895935
5.55 -7.283832199709415
5.5600000000000005 -7.259548332214076
5.57 -7.350372987780131
5.58 -7.012559586657857
5.59 -7.0703036203192156
5.6000000000000005 -7.258111315861585
5.61 -6.926231912771085
5.62 -7.095846952617082
5.63 -7.044030537161904
5.64 -7.064301616661477
5.65 -7.017219292716624
5.66 -6.891617503395462
5.67 -6.961726888936002
5.68 -6.846960512586169
5.69 -6.754232982686196
5.7 -6.771881102295702
5.71 -6.720553713927076
5.72 -6.757254076193307
5.73 -6.618169348935391
5.74 -6.807920152440715
5.75 -6.844630361580459
5.76 -6.857463893185228
5.7700000000000005 -6.8855159642280315
5.78 -6.881686211523657
5.79 -6.873839101924231
5.8 -6.859837503935288
5.8100000000000005 -6.9374543280624446
5.82 -7.179120861087223
5.83 -7.187541438968239
5.84 -7.154532142700098
5.8500000000000005 -7.177773293332059
5.86 -7.181843496592826
5.87 -7.156033680652529
5.88 -7.155998219372062
5.89 -6.987955249472049
5.9 -6.886203023875901
5.91 -6.9007127721374815
5.92 -6.8833832371030805
5.93 -6.864861539131511
5.94 -6.844645681280356
5.95 -6.82362563954295
5.96 -6.821224469335623
5.97 -6.888297682612544
5.98 -7.06118970212924
5.99 -7.201023047898961
6.0 -7.539402811050279
6.01 -7.560847692345765
6.0200000000000005 -7.513001980215054
6.03 -7.493245199898903
6.04 -7.265724735846896
6.05 -7.216354941407021
6.0600000000000005 -7.236501684217133
6.07 -7.288644581379963
6.08 -7.3058385755292665
6.09 -7.262064118685052
6.1000000000000005 -7.227478396525922
6.11 -6.9057472845829375
6.12 -6.823779143465573
6.13 -7.104601329270287
6.140000000000001 -7.076953545751388
6.15 -7.181646269869013
6.16 -7.246772872630294
6.17 -7.4234236020847275
6.18 -7.44625434329248
6.19 -7.783387702484248
6.2 -7.8483100130095025
6.21 -8.032800779890312
6.22 -7.947592556501173
6.23 -7.8852093559895815
6.24 -7.902074364250344
6.25 -7.874197292193799
6.26 -7.8812066539710806
6.2700000000000005 -7.871405372792873
6.28 -7.849981331237602
6.29 -7.596580875442897
6.3 -7.647225953563303
6.3100000000000005 -7.666172575726305
6.32 -7.6223516561347395
6.33 -7.50425604518358
6.34 -7.504135174799505
6.3500000000000005 -7.7890660424657785
6.36 -7.626760212745536
6.37 -7.580428724942566
6.38 -7.685822088238212
6.390000000000001 -7.887243375749713
6.4 -7.901737645962836
6.41 -7.8973057181529684
6.42 -7.887542129608739
6.43 -7.838878147586398
6.44 -7.788076256636301
6.45 -7.639836677279531
6.46 -7.697930832334505
6.47 -7.7685452893530895
6.48 -7.795998213652459
6.49 -7.724062050963328
6.5 -7.490646977863864
6.51 -7.467753561496411
6.5200000000000005 -7.483350219437263
6.53 -7.541012322071013
6.54 -7.624529005969524
6.55 -7.865008369675626
6.5600000000000005 -7.8162409616099495
6.57 -7.749523456745375
6.58 -7.623852840422544
6.59 -7.600218269389127
6.6000000000000005 -7.494664388189851
6.61 -7.528818470346401
6.62 -7.536083452869834
6.63 -7.6183900956726625
6.640000000000001 -7.560359659096216
6.65 -7.499738290915981
6.66 -7.270762193547643
6.67 -7.262057027264898
6.68 -7.191761911170592
6.69 -7.456121872138003
6.7 -7.790967504478477
6.71 -7.685483754848316
6.72 -7.50725363394069
6.73 -7.356280359349286
6.74 -7.162868040075291
6.75 -7.210901432051853
6.76 -7.306762785184621
6.7700000000000005 -7.528470286598237
6.78 -7.471350580992566
6.79 -7.185563866184199
6.8 -7.224792684919073
6.8100000000000005 -7.576590782739764
6.82 -7.7061165298167325
6.83 -7.706198444395355
6.84 -7.711319254308073
6.8500000000000005 -7.36434914935904
6.86 -7.2559222939249155
6.87 -7.498856700085633
6.88 -7.651949845018704
6.890000000000001 -7.554509940502638
6.9 -7.389937465566051
6.91 -7.45343020879181
6.92 -7.488670983233495
6.93 -7.775557317233188
6.94 -7.7156281688272506
6.95 -7.789455008651894
6.96 -7.5836905551995795
6.97 -7.352010614492329
6.98 -7.327004043113797
6.99 -7.366315874281055
7.0 -7.5077922624438225
7.01 -7.742690065518327
7.0200000000000005 -7.786085270678315
7.03 -7.799996320280446
7.04 -7.663609417659238
7.05 -7.782804972272284
7.0600000000000005 -7.747256668381673
7.07 -7.774768569288654
7.08 -7.825287352192757
7.09 -7.9244931958447795
7.1000000000000005 -7.95636805108173
7.11 -7.919437224764224
7.12 -7.837131884718736
7.13 -7.8226939702958775
7.140000000000001 -7.841317537689327
7.15 -7.832565740099179
7.16 -7.996634216820461
7.17 -8.137355318631904
7.18 -8.128133078297102
7.19 -8.110691499922941
7.2 -7.974664912299923
7.21 -7.831611002855446
7.22 -7.8099409881849455
7.23 -7.835991743657608
7.24 -7.883060849613332
7.25 -7.865791508426543
7.26 -8.052459855494916
7.2700000000000005 -7.975594128554255
7.28 -7.929760206925855
7.29 -8.061662624496218
7.3 -7.8461361862581445
7.3100000000000005 -7.573762330615369
7.32 -7.494933008370339
7.33 -7.454661687472237
7.34 -7.386718103797478
7.3500000000000005 -7.415146716507712
7.36 -7.365727818123424
7.37 -7.6446607886208575
7.38 -7.66336742491429
7.390000000000001 -7.676661761606343
7.4 -7.711188389202642
7.41 -7.723585233429398
7.42 -7.688627403789124
7.43 -7.594751944757691
7.44 -7.5600221729469315
7.45 -7.5444131296113275
7.46 -7.557258655921446
7.47 -7.57218824429489
7.48 -7.549189253329991
7.49 -7.463221821510355
7.5 -7.360987240426793
7.51 -7.278413950125363
7.5200000000000005 -7.268036658937177
7.53 -7.070526955176668
7.54 -7.061952649160304
7.55 -7.414198950920126
7.5600000000000005 -7.359986984966893
7.57 -7.204427655938038
7.58 -7.292410227208042
7.59 -7.1921336722620355
7.6000000000000005 -7.259675808404751
7.61 -7.17159329305447
7.62 -7.083849425551099
7.63 -6.970225029039903
7.640000000000001 -7.147699014617344
7.65 -7.15165985242795
7.66 -7.207352746265317
7.67 -6.982741371719397
7.68 -6.809836550831908
7.69 -6.6016961490584585
7.7 -6.695283045673163
7.71 -6.796391513050665
7.72 -6.76556604384832
7.73 -6.724019677477283
7.74 -6.724008933459092
7.75 -6.563082225888252
7.76 -6.700569732074844
7.7700000000000005 -6.871327839538701
7.78 -6.907048828890163
7.79 -6.945518170672073
7.8 -6.95579905582582
7.8100000000000005 -6.981978616514027
7.82 -7.050488447992738
7.83 -7.025483378401209
7.84 -6.842640074314286
7.8500000000000005 -6.765777519564351
7.86 -6.800198240197243
7.87 -6.782407812760171
7.88 -6.7875312146814695
7.890000000000001 -6.780307594228099
7.9 -6.803078547293536
7.91 -6.818289357401345
7.92 -6.8737351519331416
7.930000000000001 -7.142282092633537
7.94 -7.1953866802319535
7.95 -7.540853591258925
7.96 -7.536976288659454
7.97 -7.5352930969674485
7.98 -7.492837947594934
7.99 -7.192640864638806
8.0 -7.163202704017559
8.01 -7.109068666633391
8.02 -7.151521941807699
8.03 -7.194057072481418
8.040000000000001 -7.2250233897989204
8.05 -7.256714535656256
8.06 -7.095838717240562
8.07 -6.970377650435523
8.08 -7.201320286319629
8.09 -7.267182871744708
8.1 -7.221233174058249
8.11 -7.341558169030497
8.120000000000001 -7.337073067063179
8.13 -7.386801043253163
8.14 -7.394986413980754
8.15 -7.363960740243142
8.16 -7.314784069395351
8.17 -7.356444777248376
8.18 -7.436820933884428
8.19 -7.391547247344899
8.2 -7.418314813851462
8.21 -7.4430490066350785
8.22 -7.423102532166639
8.23 -7.427922531840439
8.24 -7.2703564606536215
8.25 -7.174882420172647
8.26 -7.182897426328873
8.27 -7.17977252537056
8.28 -7.169258378618984
8.290000000000001 -7.25646188676062
8.3 -7.5747024559067455
8.31 -7.671817298702967
8.32 -7.776221249329269
8.33 -7.818267403624157
8.34 -7.878160648380993
8.35 -7.7732103587339845
8.36 -7.615775461715588
8.370000000000001 -7.629131401578047
8.38 -7.467595525542914
8.39 -7.510716992495754
8.4 -7.550516591129697
8.41 -7.71666551493912
8.42 -7.771301035744045
8.43 -7.792458778616195
8.44 -7.663211439087619
8.45 -7.39433755088445
8.46 -7.361587057823147
8.47 -7.32492539431345
8.48 -7.484825567001467
8.49 -7.497117854386082
8.5 -7.878614948298241
8.51 -7.810440125670761
8.52 -7.704741057087153
8.53 -7.477487602605913
8.540000000000001 -7.482065453928988
8.55 -7.538281394580319
8.56 -7.5686110070149315
8.57 -7.483976834088582
8.58 -7.503587263619207
8.59 -7.508367058620758
8.6 -7.465977690753421
8.61 -7.185381737875136
8.620000000000001 -7.143626058401603
8.63 -7.14462873159019
8.64 -7.253348498797413
8.65 -7.523026330803047
8.66 -7.482875896687507
8.67 -7.436564089860578
8.68 -7.195469139239444
8.69 -7.096430165244914
8.700000000000001 -7.0569648348279195
8.71 -7.047641314370639
8.72 -7.3554068616421295
8.73 -7.407974435006337
8.74 -7.140878902032227
8.75 -7.130357310553495
8.76 -7.393193154436769
8.77 -7.669771703979517
8.78 -7.68668266597418
8.790000000000001 -7.6176883487347835
8.8 -7.2749501055231995
8.81 -7.130783931267235
8.82 -7.337146011747098
8.83 -7.462107381312534
8.84 -7.343322766620606
8.85 -7.1441083442772255
8.86 -7.124475739857274
8.870000000000001 -7.23328702156232
8.88 -7.430553239811965
8.89 -7.528789972699053
8.9 -7.594126166233264
8.91 -7.530118232661523
8.92 -7.272638129801196
8.93 -7.222403215431291
8.94 -7.254031258154592
8.950000000000001 -7.418176149403226
8.96 -7.54347852709305
8.97 -7.634060316418963
8.98 -7.618084226445044
8.99 -7.5973473864324435
9.0 -7.6330991482374415
9.01 -7.640236226700307
9.02 -7.691302736559838
9.03 -7.689548961114344
9.040000000000001 -7.714586221283839
9.05 -7.771742352539988
9.06 -7.68876013728923
9.07 -7.667592307636954
9.08 -7.67024861011179
9.09 -7.637055911942447
9.1 -7.632149533012456
9.11 -7.786094270162687
9.120000000000001 -7.867136452889131
9.13 -7.892541762926675
9.14 -7.902838041736159
9.15 -7.767951611369045
9.16 -7.625092618556947
9.17 -7.622097561664179
9.18 -7.660336279214529
9.19 -7.660808027095461
9.200000000000001 -7.635269663752273
9.21 -7.844097686489623
9.22 -7.873402577574155
9.23 -7.890335253928679
9.24 -7.99205439887063
9.25 -7.854127655370779
9.26 -7.525960942757468
9.27 -7.342490326259999
9.28 -7.381292320671397
9.290000000000001 -7.3374258958511005
9.3 -7.384852395782054
9.31 -7.364507946798378
9.32 -7.506105912644676
9.33 -7.598694906074012
9.34 -7.55282122929423
9.35 -7.56923810708991
9.36 -7.548689013394392
9.370000000000001 -7.49083286377737
9.38 -7.47314224008035
9.39 -7.457830267785398
9.4 -7.415085861875678
9.41 -7.395372812913215
9.42 -7.336503587093492
9.43 -7.333198123479784
9.44 -7.305301676487151
9.450000000000001 -7.233601019721247
9.46 -7.209423954406016
9.47 -7.258955662682293
9.48 -7.018666139085627
9.49 -6.94829766258763
9.5 -7.153811805059993
9.51 -7.311827168685148
9.52 -7.296132964602175
9.53 -7.253800781310114
9.540000000000001 -7.165893723906209
9.55 -7.200641566959339
9.56 -7.147543026324841
9.57 -7.181012715945275
9.58 -7.2033110323813805
9.59 -7.206904506737918
9.6 -7.264241042277474
9.61 -7.2037973807581865
9.620000000000001 -7.02167224058661
9.63 -6.95104728128857
9.64 -6.750786760923372
9.65 -6.796347551139727
9.66 -6.7955293008569155
9.67 -6.841495806843106
9.68 -6.811797942353182
9.69 -6.768386737452324
9.700000000000001 -6.783027471333887
9.71 -6.77211144551644
9.72 -7.02200151191179
9.73 -7.01356256803995
9.74 -6.975851299112214
9.75 -6.965497734873134
9.76 -7.0295507020347605
9.77 -7.0167461188935105
9.78 -7.0546066936553435
9.790000000000001 -6.907132892749756
9.8 -6.731421209594314
9.81 -6.646568041615349
9.82 -6.646455480700929
9.83 -6.621698822758002
9.84 -6.583001223319585
9.85 -6.572342694810321
9.86 -6.651098911562651
9.870000000000001 -6.664832820499024
9.88 -6.919581873389576
9.89 -6.937695173898999
9.9 -7.359527581405236
9.91 -7.447942906194305
9.92 -7.523649961443053
9.93 -7.4745705949441845
9.94 -7.28290464970925
9.950000000000001 -7.133119750074861
9.96 -7.199682619014661
9.97 -7.145679213797273
9.98 -7.132330173479547
9.99 -7.095785500024141
10.0 -7.118335110783844
10.01 -7.011461494563919
10.02 -6.831059792110797
10.03 -7.006163932063712
10.040000000000001 -7.143466205094199
10.05 -7.127139528982468
10.06 -7.154098348751864
10.07 -7.155257814854139
10.08 -7.107530564799075
10.09 -7.131705651306146
10.1 -7.127150163469212
10.11 -7.077585408975584
10.120000000000001 -7.136623363548022
10.13 -7.182722619924731
10.14 -7.2096583725878896
10.15 -7.302750393486621
10.16 -7.324841443234206
10.17 -7.32779229404574
10.18 -7.350363909968668
10.19 -7.164829746626168
10.200000000000001 -7.059022646761355
10.21 -7.064838144662415
10.22 -7.089815431166113
10.23 -7.120037569540838
10.24 -7.130407591705472
10.25 -7.381214591485653
10.26 -7.435171882390627
10.27 -7.460256892061892
10.28 -7.583738261720574
10.290000000000001 -7.6444623290600235
10.3 -7.588418190857625
10.31 -7.451271938219362
10.32 -7.4802937249459935
10.33 -7.445865655840678
10.34 -7.428902878834427
10.35 -7.378697214217874
10.36 -7.509959813660503
10.370000000000001 -7.550858986924566
10.38 -7.544845063774991
10.39 -7.48458570198999
10.4 -7.209283721237738
10.41 -7.198474108380897
10.42 -7.19428485069756
10.43 -7.225126761451113
10.44 -7.21532067312062
10.450000000000001 -7.591189501464203
10.46 -7.596389194720546
10.47 -7.556427167607663
10.48 -7.345850303677435
10.49 -7.210916183697086
10.5 -7.182362932805231
10.51 -7.193288969198897
10.52 -7.006754007362917
10.53 -7.349310039570883
10.540000000000001 -7.3631863234472785
10.55 -7.321449336425199
10.56 -7.1177360845100734
10.57 -7.036092630845086
10.58 -7.025740767424273
10.59 -7.086031256643733
10.6 -7.330989127980134
10.61 -7.369281714517793
10.620000000000001 -7.285899192538559
10.63 -6.974207861337756
10.64 -6.9523286295436915
10.65 -6.992099336269567
10.66 -7.049088648272334
10.67 -7.294799486345323
10.68 -7.280631739175283
10.69 -7.0649881531818535
10.700000000000001 -6.980785957865216
10.71 -7.197616359270598
10.72 -7.5207241666148485
10.73 -7.5975444264052525
10.74 -7.503821882605545
10.75 -7.192694344111531
10.76 -7.046427515504188
10.77 -7.175749830363469
10.78 -7.322336070952317
10.790000000000001 -7.26575095234278
10.8 -7.068549583451733
10.81 -7.0838459160559895
10.82 -7.097578704004835
10.83 -7.244937582984646
10.84 -7.365093015264876
10.85 -7.469102545569029
10.86 -7.430187689147252
10.870000000000001 -7.193963700354989
10.88 -7.078373332922517
10.89 -7.1501382691297035
10.9 -7.2133754354562045
10.91 -7.429102634034802
10.92 -7.497104047648417
10.93 -7.531137341894806
10.94 -7.4588396743988605
10.950000000000001 -7.572919008173042
10.96 -7.57936245094695
10.97 -7.630402800529033
10.98 -7.649438418406873
10.99 -7.631205378406771
11.0 -7.646734291289113
11.01 -7.64968209636814
11.02 -7.522873646646699
11.03 -7.549923043066132
11.040000000000001 -7.585349264620541
11.05 -7.599288393105303
11.06 -7.70193190677269
11.07 -7.8539363309456345
11.08 -7.834991250095621
11.09 -7.8155944842870895
11.1 -7.652905671758544
11.11 -7.525659392020917
11.120000000000001 -7.534223317490792
11.13 -7.549805510923116
11.14 -7.560867675573008
11.15 -7.606940067235414
11.16 -7.770858495374468
11.17 -7.825422071440221
11.18 -7.825171861485113
11.19 -7.86015125569355
11.200000000000001 -7.76991182298719
11.21 -7.455848285966099
11.22 -7.201800906995708
11.23 -7.207999199403088
11.24 -7.219827844198151
11.25 -7.21502865255761
11.26 -7.222357859816181
11.27 -7.370061570216984
11.28 -7.48887278797422
11.290000000000001 -7.444505368006212
11.3 -7.466608091705812
11.31 -7.456620067866685
11.32 -7.455485622290372
11.33 -7.37025889230111
11.34 -7.317758467024717
11.35 -7.399107408758547
11.36 -7.418678402025884
11.370000000000001 -7.3737030263338355
11.38 -7.3425834256540545
11.39 -7.356998235643695
11.4 -7.280549163163097
11.41 -7.22470189834288
11.42 -7.2166328221864084
11.43 -7.099538346421922
11.44 -6.909773536904962
11.450000000000001 -7.174673157050073
11.46 -7.299999476789304
11.47 -7.2643492906723734
11.48 -7.249545550849957
11.49 -7.09105409960394
11.5 -7.102778971996423
11.51 -7.103438644890503
11.52 -7.1341276549153445
11.53 -7.163198809064836
11.540000000000001 -7.188784201252296
11.55 -7.280309823458581
11.56 -7.177661869612478
11.57 -7.01904021467363
11.58 -6.883981709913289
11.59 -6.709536164126588
11.6 -6.708783245449531
11.61 -6.716633466895122
11.620000000000001 -6.704611261575325
11.63 -6.677893462800123
11.64 -6.7321121903349646
11.65 -6.744229922713816
11.66 -6.748208748687703
11.67 -6.958269382607261
11.68 -7.088513783246578
11.69 -7.070968574363689
11.700000000000001 -7.077564606934117
11.71 -7.088115853645343
11.72 -7.068911891652222
11.73 -7.086828158594092
11.74 -6.916901049953184
11.75 -6.800248003999194
11.76 -6.753855861735053
11.77 -6.764472926887139
11.78 -6.781073778293363
11.790000000000001 -6.778165722082054
11.8 -6.766972759061561
11.81 -6.805575421974987
11.82 -6.801258959257576
11.83 -7.0012450729255065
11.84 -7.05633295670249
11.85 -7.447466777387593
11.86 -7.527155242372354
11.870000000000001 -7.437709735807867
11.88 -7.4530032438267035
11.89 -7.213784600981874
11.9 -7.132433611244791
11.91 -7.169746755810414
11.92 -7.203382944221465
11.93 -7.1857844945061435
11.94 -7.231451267854872
11.950000000000001 -7.217766128255431
11.96 -7.133814896231927
11.97 -6.906459844097207
11.98 -7.0682244457758285
11.99 -7.215981222198321
12.0 -7.162499060741566
12.01 -7.237524632918018
12.02 -7.203363719131335
12.030000000000001 -7.21588092931252
12.040000000000001 -7.142877627705539
12.05 -7.135918865764426
12.06 -7.05612522190883
12.07 -7.076909058657853
12.08 -7.092553327797173
12.09 -7.157699537285974
12.1 -7.212508810669988
12.11 -7.322904681249565
12.120000000000001 -7.319026412908184
12.13 -7.339102328586518
12.14 -7.1505669136053935
12.15 -7.031827653253493
12.16 -7.018300180610021
12.17 -7.014106678763837
12.18 -7.003787763595789
12.19 -7.032856287698037
12.200000000000001 -7.2249298617403745
12.21 -7.3441750331565006
12.22 -7.414496646176757
12.23 -7.508470556207124
12.24 -7.527289593128488
12.25 -7.448881716964251
12.26 -7.244854731529221
12.27 -7.200523010212074
12.280000000000001 -7.233053734973138
12.290000000000001 -7.303114807443282
12.3 -7.331904419366828
12.31 -7.5032089700306255
12.32 -7.492338223414755
12.33 -7.58852084756704
12.34 -7.537122844127018
12.35 -7.353917342982142
12.36 -7.184065949487768
12.370000000000001 -7.263502918056571
12.38 -7.24304735663425
12.39 -7.318690383443652
12.4 -7.622754608883691
12.41 -7.631450400178575
12.42 -7.510654727331983
12.43 -7.379135567992937
12.44 -7.299442400549045
12.450000000000001 -7.279440214970872
12.46 -7.353094565164382
12.47 -7.180596623340094
12.48 -7.345167320473989
12.49 -7.340468340243632
12.5 -7.327279939673168
12.51 -7.108265945457971
12.52 -7.0085044321897385
12.530000000000001 -7.029912726871886
12.540000000000001 -7.054403565082722
12.55 -7.340896735078619
12.56 -7.397883421418601
12.57 -7.3591321556396885
12.58 -7.061634203832671
12.59 -6.936462085058846
12.6 -6.942412005137402
12.61 -6.933197540915727
12.620000000000001 -7.1826347659174266
12.63 -7.278856382783243
12.64 -7.1506884973185825
12.65 -6.973226673909982
12.66 -7.141619592902044
12.67 -7.515702693375601
12.68 -7.563336016259824
12.69 -7.520930740815606
12.700000000000001 -7.149077848491193
12.71 -6.913378375878674
12.72 -7.040718687753693
12.73 -7.265415099430028
12.74 -7.267139324353493
12.75 -7.033629134802191
12.76 -7.032518316778854
12.77 -7.038772708762357
12.780000000000001 -7.172677595783169
12.790000000000001 -7.35391199635879
12.8 -7.4082151703624
12.81 -7.471547229607293
12.82 -7.177895699876323
12.83 -7.015599088332925
12.84 -7.115431937676165
12.85 -7.142011576791624
12.86 -7.436715192085715
12.870000000000001 -7.456422985782887
12.88 -7.5513551630068605
12.89 -7.4044746658436065
12.9 -7.555739079371943
12.91 -7.5619433962034055
12.92 -7.568220809930133
12.93 -7.587869818343778
12.94 -7.581390660812261
12.950000000000001 -7.6676196665651455
12.96 -7.732977498710045
12.97 -7.543639171414943
12.98 -7.556937371679133
12.99 -7.579069639167674
13.0 -7.549858721469848
13.01 -7.598063583023693
13.02 -7.800750581923213
13.030000000000001 -7.822838976127333
13.040000000000001 -7.847617184332973
13.05 -7.672841646767521
13.06 -7.521571537487722
13.07 -7.519129402223264
13.08 -7.464746337539057
13.09 -7.546858760184688
13.1 -7.605526184003287
13.11 -7.6915564465723465
13.120000000000001 -7.781782920307277
13.13 -7.778306147670989
13.14 -7.813071817249305
13.15 -7.872040886291455
13.16 -7.569606585445565
13.17 -7.322151494348851
13.18 -7.314639915191108
13.19 -7.365820299785848
13.200000000000001 -7.364412633059083
13.21 -7.343044512009509
13.22 -7.400210379796674
13.23 -7.533380174117504
13.24 -7.514239153227708
13.25 -7.560931037129619
13.26 -7.586590236467945
13.27 -7.524294663893478
13.280000000000001 -7.525617599326525
13.290000000000001 -7.52424839278363
13.3 -7.479465805267312
13.31 -7.546822482707807
13.32 -7.525490292852151
13.33 -7.565408108585136
13.34 -7.559777214091369
13.35 -7.54264146216872
13.36 -7.462786793400064
13.370000000000001 -7.490717457635257
13.38 -7.352979184061679
13.39 -7.151645119541187
13.4 -7.379197912769718
13.41 -7.523227111100215
13.42 -7.459483192550802
13.43 -7.373569369238856
13.44 -7.2766755127834175
13.450000000000001 -7.243043075561727
13.46 -7.160296526559031
13.47 -7.204055039576597
13.48 -7.227469763861957
13.49 -7.28461870196045
13.5 -7.3380741886730085
13.51 -7.26345701848866
13.52 -7.089495542763871
13.530000000000001 -7.036569363128046
13.540000000000001 -6.720916489449493
13.55 -6.802907250802587
13.56 -6.862159906988961
13.57 -6.871215281700186
13.58 -6.813096688640013
13.59 -6.78566920863315
13.6 -6.752416089812713
13.61 -6.774801061066394
13.620000000000001 -6.933113902774768
13.63 -7.148257319871662
13.64 -7.103732603110886
13.65 -7.085517414701524
13.66 -7.009435236139885
13.67 -7.021933413420576
13.68 -7.0691930517502275
13.69 -6.977085043388675
13.700000000000001 -6.678793812626721
13.71 -6.743868709448205
13.72 -6.74563949505413
13.73 -6.792989825112707
13.74 -6.691746201747494
13.75 -6.719796360950048
13.76 -6.776123140820327
13.77 -6.78714391151633
13.780000000000001 -7.020619556692852
13.790000000000001 -7.189940377860335
13.8 -7.398535870510816
13.81 -7.470568558964459
13.82 -7.443841745473571
13.83 -7.420314878537117
13.84 -7.246526112570821
13.85 -7.118253052182262
13.86 -7.043778772556249
13.870000000000001 -6.999759806058341
13.88 -7.0027559303439455
13.89 -6.951775844786115
13.9 -6.954376736842743
13.91 -6.9472628900514275
13.92 -6.653718672298941
13.93 -6.827304951017791
13.94 -7.0239930804782365
13.950000000000001 -7.108009382343716
13.96 -7.1447205997498555
13.97 -7.115247362450013
13.98 -7.070035684420219
13.99 -6.9664938323743755
14.0 -6.96158004831985
14.01 -6.909076985957552
14.02 -6.97194268604585
14.030000000000001 -7.026050329318041
14.040000000000001 -7.068460500859278
14.05 -7.083475761796934
14.06 -7.133172481119592
14.07 -7.179455701078147
14.08 -7.20907623294954
14.09 -7.136246573704226
14.1 -6.930485653632032
14.11 -6.9404389127625725
14.120000000000001 -6.94371429239202
14.13 -7.078974442032206
14.14 -7.029808448450938
14.15 -7.319922675938972
14.16 -7.372381184498598
14.17 -7.419418944627371
14.18 -7.536570177096936
14.19 -7.534074393221969
14.200000000000001 -7.517281521988583
14.21 -7.314483561718979
14.22 -7.288472541924946
14.23 -7.304000110271076
14.24 -7.319747453097809
14.25 -7.323528463903966
14.26 -7.443811813894809
14.27 -7.602039614178431
14.280000000000001 -7.684920531485061
14.290000000000001 -7.628017490684976
14.3 -7.435628062403765
14.31 -7.328174355405899
14.32 -7.381871947483852
14.33 -7.319194889373077
14.34 -7.345831620791414
14.35 -7.551244706844366
14.36 -7.697888273406286
14.370000000000001 -7.626802673616859
14.38 -7.460104229239118
14.39 -7.269774009020303
14.4 -7.254887714947117
14.41 -7.35418437563874
14.42 -7.144679572326941
14.43 -7.240724500674335
14.44 -7.227424762108619
14.450000000000001 -7.286161733704138
14.46 -7.163662265392488
14.47 -7.024788438596767
14.48 -6.974047372108515
14.49 -7.03960191093974
14.5 -7.212827064082652
14.51 -7.38819076167758
14.52 -7.290490520443067
14.530000000000001 -7.159359679205834
14.540000000000001 -6.857929976129071
14.55 -6.908995603753811
14.56 -6.907969508408437
14.57 -7.1120039732853115
14.58 -7.310451445722548
14.59 -7.140421934804393
14.6 -7.100384563983899
14.61 -7.123289810531668
14.620000000000001 -7.405401720219123
14.63 -7.578037307130961
14.64 -7.559342892769023
14.65 -7.275761495671984
14.66 -7.013814678032305
14.67 -6.998228000718263
14.68 -7.188385088858607
14.69 -7.193025025140062
14.700000000000001 -7.042730107867032
14.71 -7.042245165766534
14.72 -7.098977691887488
14.73 -7.20427442238396
14.74 -7.468106125782406
14.75 -7.521642210796892
14.76 -7.5653768661865675
14.77 -7.313187370704292
14.780000000000001 -7.080400770791103
14.790000000000001 -7.128315663505078
14.8 -7.161718122636067
14.81 -7.409034554460255
14.82 -7.429499289592766
14.83 -7.508322960202329
14.84 -7.381377959732189
14.85 -7.518390314119725
14.86 -7.527409748461471
14.870000000000001 -7.605532354828312
14.88 -7.641752754702872
14.89 -7.662826221321489
14.9 -7.736517331126925
14.91 -7.766421898763588
14.92 -7.5463005280571345
14.93 -7.550463187148591
14.94 -7.6133810143128535
14.950000000000001 -7.5838287334058005
14.96 -7.542928052865438
14.97 -7.787086348616792
14.98 -7.817474637793153
14.99 -7.877672053313769
15.0 -7.749839062915746
15.01 -7.54142728820443
15.02 -7.539352252850342
15.030000000000001 -7.571510725840714
15.040000000000001 -7.599048013307546
15.05 -7.601078839763985
15.06 -7.661237353164532
15.07 -7.742173155361866
15.08 -7.720515704675934
15.09 -7.771247553953684
15.1 -7.874157422931879
15.11 -7.565468136909236
15.120000000000001 -7.315998965178872
15.13 -7.2797904493870975
15.14 -7.302329519576687
15.15 -7.268026133894034
15.16 -7.23347630889062
15.17 -7.25304944109273
15.18 -7.425883156917213
15.19 -7.480242357344758
15.200000000000001 -7.5620870790055
15.21 -7.509498988956092
15.22 -7.563497077207473
15.23 -7.493447974321677
15.24 -7.414731840916215
15.25 -7.334045264714797
15.26 -7.415302204278061
15.27 -7.362930099469555
15.280000000000001 -7.3227072075563315
15.290000000000001 -7.305731281502561
15.3 -7.297553274422337
15.31 -7.268595908281185
15.32 -7.296706585280274
15.33 -7.287352178365944
15.34 -7.031294459025537
15.35 -7.212751267841394
15.36 -7.3869249505042465
15.370000000000001 -7.3608805778649185
15.38 -7.3122629735777736
15.39 -7.331979195730232
15.4 -7.270295436267854
15.41 -7.218549465728151
15.42 -7.172557853790191
15.43 -7.276668341206704
15.44 -7.350599990488916
15.450000000000001 -7.432797271754957
15.46 -7.326679207421887
15.47 -7.258069402725118
15.48 -7.167041567118887
15.49 -6.936335401329056
15.5 -6.779119605207455
15.51 -6.804972025546866
15.52 -6.745665742414414
15.530000000000001 -6.72092716869749
15.540000000000001 -6.734638245760121
15.55 -6.81662813295467
15.56 -6.7906145397051425
15.57 -6.91100925383942
15.58 -7.151150346170074
15.59 -7.092306056688536
15.6 -7.191967830941294
15.610000000000001 -7.129998088749157
15.620000000000001 -7.091167338283974
15.63 -7.099777633714657
15.64 -7.065155718719274
15.65 -6.851485930277591
15.66 -6.804110232628358
15.67 -6.8335880274112695
15.68 -6.7648477534109
15.69 -6.752847534493368
15.700000000000001 -6.822367661627428
15.71 -6.838697500529782
15.72 -6.798789300520428
15.73 -6.947184437297565
15.74 -7.0114732661785135
15.75 -7.2841257194839
15.76 -7.482213040121186
15.77 -7.5105207642704706
15.780000000000001 -7.474804927773819
15.790000000000001 -7.350791571953775
15.8 -7.131490181456124
15.81 -7.140923419886186
15.82 -7.1515890550516605
15.83 -7.14590902534169
15.84 -7.098086889201803
15.85 -7.099339526241844
15.860000000000001 -7.089742867089521
15.870000000000001 -6.81729369757347
15.88 -6.8268727126759785
15.89 -7.029546257105224
15.9 -7.018065134022777
15.91 -7.00962393645633
15.92 -7.106289345471479
15.93 -7.071717874120575
15.94 -7.010986675918225
15.950000000000001 -6.975094978687494
15.96 -6.922017203658221
15.97 -6.928583316068242
15.98 -6.944430270628658
15.99 -7.057809762094653
16.0 -7.539946816348009
