0.0 -9.835663421002934
0.01 -9.45259241037438
0.02 -9.050441162725932
0.03 -8.900138606892405
0.04 -8.816394937923969
0.05 -8.741156590161964
0.06 -8.66596253343444
0.07 -8.879876642780898
0.08 -8.824210850445306
0.09 -8.759419831918077
0.1 -8.593839352959916
0.11 -8.359065378159826
0.12 -8.310345608349229
0.13 -8.278013317720982
0.14 -8.448128841577875
0.15 -8.551921905799368
0.16 -8.733755832910264
0.17 -8.834444225858087
0.18 -8.864054398849548
0.19 -8.789919256089947
0.2 -8.691962433716965
0.21 -8.302024665474313
0.22 -8.253184221050107
0.23 -8.294307674626923
0.24 -8.257111480416368
0.25 -8.293805915750749
0.26 -8.29653832754069
0.27 -8.472767062247401
0.28 -8.906451361978213
0.29 -9.014504343823734
0.3 -9.077067909735442
0.31 -9.055662717049094
0.32 -8.862053172475118
0.33 -8.747720326023124
0.34 -8.54510241669034
0.35000000000000003 -8.396389921265328
0.36 -8.405779220207538
0.37 -8.417579465416228
0.38 -8.644835958944094
0.39 -8.665214888538724
0.4 -8.644489551020728
0.41000000000000003 -8.551672079665959
0.42 -8.239201239821043
0.43 -8.173171228543245
0.44 -8.369151148555035
0.45 -8.420439777276188
0.46 -8.423510236498425
0.47000000000000003 -8.657577956287765
0.48 -8.618741091847653
0.49 -8.64360338818067
0.5 -8.642770266406394
0.51 -8.322083860202165
0.52 -8.225469072356935
0.53 -8.205570693727019
0.54 -8.172274051311067
0.55 -8.260859293406229
0.56 -8.315009293915256
0.5700000000000001 -8.358903557270219
0.58 -8.458375975485309
0.59 -8.369141390211603
0.6 -8.188574486480503
0.61 -8.228608449699216
0.62 -8.184456446080082
0.63 -8.474760060880158
0.64 -8.566097226600295
0.65 -8.765997280481653
0.66 -8.873982346215431
0.67 -8.789981619256075
0.68 -8.760046621747593
0.6900000000000001 -8.551781881266264
0.7000000000000001 -8.145087238045754
0.71 -8.165316928380575
0.72 -8.157363329823978
0.73 -8.20869506268235
0.74 -8.200903158624689
0.75 -8.239738983267136
0.76 -8.557480174299886
0.77 -8.981055216190692
0.78 -8.916073311363663
0.79 -8.979946830010414
0.8 -9.00897246528033
0.81 -8.953420838168679
0.8200000000000001 -8.924044946326308
0.8300000000000001 -8.67428626730662
0.84 -8.607255713171645
0.85 -8.578585821082012
0.86 -8.554207989675911
0.87 -8.758020773951541
0.88 -8.881992884122683
0.89 -8.910976032247406
0.9 -8.797689697675532
0.91 -8.600038005450523
0.92 -8.562607243109987
0.93 -8.56414901253316
0.9400000000000001 -8.584727577946245
0.9500000000000001 -8.704969265271645
0.96 -8.802300841987968
0.97 -8.832930121437256
0.98 -8.859387395392881
0.99 -8.754783387827517
1.0 -8.570596919601252
1.01 -8.581696314114389
1.02 -8.589717739568425
1.03 -8.57108831971789
1.04 -8.695089545498066
1.05 -8.862603780744069
1.06 -8.842342768169813
1.07 -8.839364969749507
1.08 -8.633355491733072
1.09 -8.56581924959424
1.1 -8.584861435397341
1.11 -8.58359168998925
1.12 -8.896795143669408
1.1300000000000001 -8.92876250954876
1.1400000000000001 -9.093628320073535
1.1500000000000001 -9.172235789908513
1.16 -9.16114662060652
1.17 -9.051765293240464
1.18 -8.797634021563765
1.19 -8.520585594156053
1.2 -8.46656189071615
1.21 -8.488208902656584
1.22 -8.509683179856076
1.23 -8.548338559312594
1.24 -8.539299699149694
1.25 -8.743465030802831
1.26 -9.118294145025143
1.27 -9.066829215392636
1.28 -9.02158890922874
1.29 -8.904916276079607
1.3 -8.768607844807974
1.31 -8.710035431455081
1.32 -8.47183090509131
1.33 -8.515161868040558
1.34 -8.51759584187338
1.35 -8.51380142169425
1.36 -8.548301917043629
1.37 -8.588839215915444
1.3800000000000001 -8.620582218677788
1.3900000000000001 -8.60685233584118
1.4000000000000001 -8.551969903610408
1.41 -8.576677035310013
1.42 -8.581166323255943
1.43 -8.56881879460201
1.44 -8.680060841493274
1.45 -8.90269178948642
1.46 -8.929449270563687
1.47 -8.946274110823989
1.48 -8.756969833663225
1.49 -8.636922988385377
1.5 -8.613321361134014
1.51 -8.625183588137688
1.52 -8.65752553176247
1.53 -8.727382012052471
1.54 -8.788697991459735
1.55 -8.897217766073453
1.56 -8.899132371015657
1.57 -8.731053633001851
1.58 -8.75143017556207
1.59 -8.650782949665585
1.6 -8.612414041882673
1.61 -9.050940281097832
1.62 -9.059281476589591
1.6300000000000001 -9.301241677852627
1.6400000000000001 -9.288191044089658
1.6500000000000001 -9.209246153751419
1.6600000000000001 -9.046911799082485
1.67 -8.765553990124419
1.68 -8.86512825528425
1.69 -8.812868556433434
1.7 -8.7758404081471
1.71 -8.618453348909526
1.72 -8.632408524526062
1.73 -8.636756249220232
1.74 -8.989085041083776
1.75 -9.065156447115406
1.76 -9.037180580417493
1.77 -9.308144687634991
1.78 -9.201236495497797
1.79 -8.993984187853973
1.8 -9.01360511972059
1.81 -8.934843463591045
1.82 -8.905244893061019
1.83 -8.872440220602615
1.84 -8.959465215192237
1.85 -9.063522066663817
1.86 -9.071402882670439
1.87 -9.110325744720477
1.8800000000000001 -8.961837292809644
1.8900000000000001 -8.89178251299186
1.9000000000000001 -8.908660625901225
1.9100000000000001 -8.93247162173891
1.92 -8.94463368614323
1.93 -9.102488565211377
1.94 -9.070194027074097
1.95 -9.191811443064314
1.96 -9.187925845934439
1.97 -8.920967045170777
1.98 -8.825550289517214
1.99 -8.821557590977921
2.0 -8.774084557289882
2.0100000000000002 -8.728200859518852
2.02 -8.918714448213713
2.0300000000000002 -8.982093479248931
2.04 -9.092129956537134
2.05 -9.025334910300094
2.06 -8.840806497553174
2.07 -8.853150224403604
2.08 -8.873743857891315
2.09 -9.015316251805602
2.1 -9.19588513338659
2.11 -9.344533206363934
2.12 -9.468039921857082
2.13 -9.500583227251528
2.14 -9.441645124594876
2.15 -9.273989454081525
2.16 -8.883738484371609
2.17 -8.852217428952304
2.18 -8.833066632385941
2.19 -8.882321352273788
2.2 -8.842086106869328
2.21 -8.829292373129709
2.22 -8.753955017697285
2.23 -9.116846021632
2.24 -9.278341206429841
2.25 -9.313345137904912
2.2600000000000002 -9.30412848211789
2.27 -9.18735655471189
2.2800000000000002 -8.897337061889413
2.29 -8.775001509093082
2.3000000000000003 -8.611339410544291
2.31 -8.664552414431121
2.32 -8.685451441050564
2.33 -8.884088929745936
2.34 -8.92309721851312
2.35 -8.886535092272284
2.36 -8.831436697333771
2.37 -8.556899727852008
2.38 -8.59930912019525
2.39 -8.634363346699812
2.4 -8.650870589640808
2.41 -8.62647768541942
2.42 -8.857835591711655
2.43 -8.888316194590972
2.44 -8.879427505091087
2.45 -8.80447790037555
2.46 -8.563517222175555
2.47 -8.55441391552592
2.48 -8.554917580480833
2.49 -8.559970259150909
2.5 -8.548570555528665
2.5100000000000002 -8.672090325685714
2.52 -8.683619103986025
2.5300000000000002 -8.776936448834613
2.54 -8.621738081979714
2.5500000000000003 -8.45914443811305
2.56 -8.500044780085371
2.57 -8.554139261919225
2.58 -8.74038336521479
2.59 -8.730962378633562
2.6 -8.945246884911722
2.61 -9.144004907652088
2.62 -9.16806251845853
2.63 -9.182936608734055
2.64 -9.042156041889594
2.65 -8.681726237005595
2.66 -8.65863137101903
2.67 -8.683290415907088
2.68 -8.627516652522988
2.69 -8.618835835843822
2.7 -8.682001915921012
2.71 -8.680468475388675
2.72 -9.277996130820709
2.73 -9.35755089720887
2.74 -9.253691986076623
2.75 -9.184478700561192
2.7600000000000002 -9.053982651588711
2.77 -8.976089039337271
2.7800000000000002 -8.75769068943405
2.79 -8.684722808271827
2.8000000000000003 -8.664801325264357
2.81 -8.662190335270799
2.82 -8.818875973815686
2.83 -8.946171932550216
2.84 -8.931107860140632
2.85 -8.853098623273405
2.86 -8.605589253632143
2.87 -8.548255675885002
2.88 -8.55680434832888
2.89 -8.584995925873185
2.9 -8.606643011166954
2.91 -8.894443878050426
2.92 -8.917673328177372
2.93 -8.922178905617045
2.94 -8.80861955521831
2.95 -8.615943505816741
2.96 -8.64394940633886
2.97 -8.583851568646615
2.98 -8.565921814153295
2.99 -8.583944952671215
3.0 -8.831604929673667
3.0100000000000002 -8.824738724643517
3.02 -8.831357334294333
3.0300000000000002 -8.637819283610055
3.04 -8.500204016690489
3.0500000000000003 -8.549830066203539
3.06 -8.50280594088217
3.0700000000000003 -8.786083669296195
3.08 -8.822988785583174
3.09 -9.094213561080894
3.1 -9.097068549776658
3.11 -9.129643736448765
3.12 -9.17813692150172
3.13 -8.979578360746306
3.14 -8.6785917604473
3.15 -8.69726709054937
3.16 -8.67535252293881
3.17 -8.688745226790916
3.18 -8.68567694346476
3.19 -8.698140857941288
3.2 -8.739172469855195
3.21 -9.32167475987099
3.22 -9.267850304045194
3.23 -9.188087263127759
3.24 -9.028447726051773
3.25 -8.917069532577903
3.2600000000000002 -8.91217843380306
3.27 -8.672134359946863
3.2800000000000002 -8.601756823579924
3.29 -8.571862553049208
3.3000000000000003 -8.627210181585712
3.31 -8.62878509517386
3.3200000000000003 -8.686746466412462
3.33 -8.736304782540882
3.34 -8.728330739975513
3.35 -8.612720286911847
3.36 -8.585667455160042
3.37 -8.608362029149124
3.38 -8.616854594524682
3.39 -8.616913910264095
3.4 -8.85811859158866
3.41 -8.88643912979691
3.42 -8.88956143973198
3.43 -8.76741424605508
3.44 -8.624919103089196
3.45 -8.685548027252265
3.46 -8.670595067501479
3.47 -8.737877404694027
3.48 -8.795628515119171
3.49 -8.827327080635115
3.5 -8.777457658977255
3.5100000000000002 -8.809755576797151
3.52 -8.72589915380928
3.5300000000000002 -8.724520538085542
3.54 -8.75346823253697
3.5500000000000003 -8.742982522013897
3.56 -9.02510796258915
3.5700000000000003 -9.039005216240067
3.58 -9.323402672152131
3.59 -9.298939571569441
3.6 -9.301875903264053
3.61 -9.21741703811859
3.62 -8.81221685175947
3.63 -8.616029483816458
3.64 -8.581628218908232
3.65 -8.566995402960139
3.66 -8.535512247093873
3.67 -8.452955552456242
3.68 -8.364298498538083
3.69 -8.641959808922984
3.7 -8.782656436486771
3.71 -8.835766948114957
3.72 -8.848458711818667
3.73 -8.84345357975528
3.74 -8.622274902814818
3.75 -8.472651939346848
3.7600000000000002 -8.162331725536992
3.77 -8.211396930274303
3.7800000000000002 -8.350728317226467
3.79 -8.502203192457179
3.8000000000000003 -8.695684214407786
3.81 -8.734650351273121
3.8200000000000003 -8.739869022244633
3.83 -8.477123583481033
3.84 -8.331261485036647
3.85 -8.320125119271928
3.86 -8.30945748792955
3.87 -8.307099880749263
3.88 -8.49761540706513
3.89 -8.494397175313111
3.9 -8.549875468273475
3.91 -8.483990493111262
3.92 -8.269435256210214
3.93 -8.21980066387805
3.94 -8.24008944996315
3.95 -8.286915677371722
3.96 -8.192307078479281
3.97 -8.209630990053704
3.98 -8.206825610632674
3.99 -8.249299664324717
4.0 -8.209425982425987
4.01 -8.029749163527901
4.0200000000000005 -8.207860810125371
4.03 -8.24949588007152
4.04 -8.370147077194115
4.05 -8.591583127613356
4.0600000000000005 -8.68540541832726
4.07 -8.791637223827951
4.08 -8.89001290435669
4.09 -8.85543151393963
4.1 -8.659992793239311
4.11 -8.253405850561501
4.12 -8.192478108323595
4.13 -8.15495251579931
4.14 -8.234933619509063
4.15 -8.200540098783545
4.16 -8.142687136048218
4.17 -8.156939111493022
4.18 -8.591247606960534
4.19 -8.650493270397419
4.2 -8.829220381737723
4.21 -8.73978034698223
4.22 -8.558808683652327
4.23 -8.394874921710445
4.24 -8.312837714379572
4.25 -8.178730567858786
4.26 -8.210256777051029
4.2700000000000005 -8.19190869422272
4.28 -8.272282787434166
4.29 -8.40875742114637
4.3 -8.468106223801508
4.3100000000000005 -8.502774815893481
4.32 -8.210296397580123
4.33 -8.172207677144135
4.34 -8.097036395441794
4.3500000000000005 -8.065240690055386
4.36 -8.067021503720138
4.37 -8.399083591308118
4.38 -8.387602157633367
4.39 -8.481556553225646
4.4 -8.37600499932538
4.41 -8.149501421627575
4.42 -8.15281125490186
4.43 -8.14720187031172
4.44 -8.206620300149595
4.45 -8.15442541472249
4.46 -8.320946407068659
4.47 -8.26411566692841
4.48 -8.201814598206946
4.49 -8.257780647811366
4.5 -8.196440359593069
4.51 -8.192927245931346
4.5200000000000005 -8.173241756574878
4.53 -8.339632849551123
4.54 -8.514512276518218
4.55 -8.671972951612942
4.5600000000000005 -8.607325999435524
4.57 -8.799835833861952
4.58 -8.804500406622997
4.59 -8.610894702395983
4.6000000000000005 -8.267677740752228
4.61 -8.213510836325714
4.62 -8.221376913250998
4.63 -8.241869965708386
4.64 -8.146593741809523
4.65 -8.202920630043229
4.66 -8.197022232845487
4.67 -8.677999666281991
4.68 -8.818080435181338
4.69 -8.836690365257622
4.7 -8.751200126877643
4.71 -8.656347406137952
4.72 -8.487430813706299
4.73 -8.392833295824344
4.74 -8.205614140653097
4.75 -8.224500436409476
4.76 -8.129087905772167
4.7700000000000005 -8.321401835905927
4.78 -8.4546092954781
4.79 -8.547439492109435
4.8 -8.476841447047923
4.8100000000000005 -8.210978851526159
4.82 -8.156364619449882
4.83 -8.176813680190497
4.84 -8.150326787784067
4.8500000000000005 -8.224593913270613
4.86 -8.41067367848175
4.87 -8.413765921801355
4.88 -8.460702344317548
4.89 -8.392132115677832
4.9 -8.109775473266618
4.91 -8.151741812142712
4.92 -8.107192325315026
4.93 -8.090545955237305
4.94 -8.046483840016002
4.95 -8.362456273224621
4.96 -8.335181330344218
4.97 -8.426957700110218
4.98 -8.28092827620468
4.99 -8.116026199383924
5.0 -8.085380432854665
5.01 -8.11133843672905
5.0200000000000005 -8.284353112149427
5.03 -8.477382977831576
5.04 -8.631770899635093
5.05 -8.73889300553657
5.0600000000000005 -8.74545585598483
5.07 -8.663092335484532
5.08 -8.449966861207857
5.09 -8.183700080559431
5.1000000000000005 -8.174359161627441
5.11 -8.196286678000511
5.12 -8.20194525573162
5.13 -8.098261573058867
5.14 -8.144429113085447
5.15 -8.225901250028771
5.16 -8.726105010475566
5.17 -8.819721292987378
5.18 -8.864895849342862
5.19 -8.689203903933082
5.2 -8.570206029503677
5.21 -8.500470880271056
5.22 -8.33781671981295
5.23 -8.261599191571953
5.24 -8.322642152315632
5.25 -8.249651165818312
5.26 -8.22120510237089
5.2700000000000005 -8.2861431006674
5.28 -8.393169851616653
5.29 -8.40790304176397
5.3 -8.347663598235334
5.3100000000000005 -8.317953277684445
5.32 -8.282482475721915
5.33 -8.246916534545923
5.34 -8.295151768633554
5.3500000000000005 -8.593293284786597
5.36 -8.642692016445046
5.37 -8.628795831028958
5.38 -8.489804711024547
5.39 -8.290448985401822
5.4 -8.333783021266543
5.41 -8.333923471723157
5.42 -8.332163728240756
5.43 -8.310028791762285
5.44 -8.275666285039442
5.45 -8.341457200092337
5.46 -8.429446357591676
5.47 -8.420553005983612
5.48 -8.286959418470666
5.49 -8.316932629320291
5.5 -8.26004558643102
5.51 -8.497721477675887
5.5200000000000005 -8.58035612404089
5.53 -8.80172850181844
5.54 -8.771497865379336
5.55 -8.850798693715383
5.5600000000000005 -8.81016305578796
5.57 -8.468659340859944
5.58 -8.218243367239179
5.59 -8.251139950964362
5.6000000000000005 -8.245201073194437
5.61 -8.267288700495788
5.62 -8.216336874869667
5.63 -8.172714515943104
5.64 -8.309713236506125
5.65 -8.860848409014068
5.66 -8.84200449237806
5.67 -8.87822907665692
5.68 -8.803227470135125
5.69 -8.55427656808172
5.7 -8.538492197394325
5.71 -8.271881856007365
5.72 -8.265664029736367
5.73 -8.236176218144811
5.74 -8.277075167184192
5.75 -8.492533296617603
5.76 -8.478466212379464
5.7700000000000005 -8.473957054397605
5.78 -8.386027125586152
5.79 -8.221686841839736
5.8 -8.207041114307781
5.8100000000000005 -8.204401676079623
5.82 -8.185104598306069
5.83 -8.314517875211422
5.84 -8.383604224700749
5.8500000000000005 -8.471333585735662
5.86 -8.466014547668856
5.87 -8.238346484239463
5.88 -8.07468859368861
5.89 -8.137362528751947
5.9 -8.117745026529246
5.91 -8.112081773865956
5.92 -8.23662123250229
5.93 -8.381996108287044
5.94 -8.421531676954292
5.95 -8.39576618609822
5.96 -8.131324412833122
5.97 -8.074005647077493
5.98 -8.055623978184592
5.99 -8.103913231753953
6.0 -8.433617744599362
6.01 -8.473223276212405
6.0200000000000005 -8.754833152341682
6.03 -8.75174225080304
6.04 -8.718202667407326
6.05 -8.71790099658361
6.0600000000000005 -8.358453508657748
6.07 -8.2327583753484
6.08 -8.199929489403685
6.09 -8.21971191025056
6.1000000000000005 -8.135644250680153
6.11 -8.134545100787427
6.12 -8.149805315011118
6.13 -8.416707270650518
6.140000000000001 -8.764515395708548
6.15 -8.78141419186454
6.16 -8.788334357071935
6.17 -8.76106228080283
6.18 -8.486358633553172
6.19 -8.40994695763974
6.2 -8.209107822126676
6.21 -8.267702757116243
6.22 -8.262420899774488
6.23 -8.380737643021378
6.24 -8.566381002815087
6.25 -8.538018557501225
6.26 -8.284853440028801
6.2700000000000005 -8.300299359608168
6.28 -8.323842198673669
6.29 -8.342404120082227
6.3 -8.321515607656595
6.3100000000000005 -8.28884901786774
6.32 -8.39811422943353
6.33 -8.626893394551551
6.34 -8.627543806583171
6.3500000000000005 -8.60504939860607
6.36 -8.375479885823038
6.37 -8.266343728632657
6.38 -8.33388891904691
6.390000000000001 -8.288435823868223
6.4 -8.312796718129913
6.41 -8.411671015317841
6.42 -8.3870075319106
6.43 -8.334691838875333
6.44 -8.283068041527988
6.45 -8.316957699357099
6.46 -8.309731756865263
6.47 -8.298410179945606
6.48 -8.389253727073456
6.49 -8.595947545630061
6.5 -8.704453168853782
6.51 -8.913533370707125
6.5200000000000005 -8.913239855877118
6.53 -8.893823379233512
6.54 -8.809120172296181
6.55 -8.418955117689494
6.5600000000000005 -8.350641049336048
6.57 -8.354891471560252
6.58 -8.371234742346363
6.59 -8.353261122582762
6.6000000000000005 -8.359321950855103
6.61 -8.361793456340779
6.62 -8.790339843128006
6.63 -8.923585303146988
6.640000000000001 -8.888448475047149
6.65 -8.896519501580984
6.66 -8.701043392583761
6.67 -8.585986342834953
6.68 -8.499355693352934
6.69 -8.239603424429923
6.7 -8.232647171973325
6.71 -8.188367561658039
6.72 -8.347371352216282
6.73 -8.50197518759421
6.74 -8.613670477813942
6.75 -8.526765714123032
6.76 -8.152044863414291
6.7700000000000005 -8.118940220050822
6.78 -8.132674109301746
6.79 -8.154800399224834
6.8 -8.191535206131793
6.8100000000000005 -8.476657296656857
6.82 -8.534692949923068
6.83 -8.529499699242864
6.84 -8.432533891972634
6.8500000000000005 -8.176524688699027
6.86 -8.118766820126954
6.87 -8.134156778704536
6.88 -8.158598077482601
6.890000000000001 -8.119182020960022
6.9 -8.35428985501027
6.91 -8.377110284989872
6.92 -8.448647218903723
6.93 -8.357722698013376
6.94 -8.175187105485131
6.95 -8.064999926594163
6.96 -7.983669669657094
6.97 -8.154881656467149
6.98 -8.36873597625808
6.99 -8.582465898998443
7.0 -8.822635306262933
7.01 -8.766110623801737
7.0200000000000005 -8.740426548965946
7.03 -8.560294006140895
7.04 -8.108618359577097
7.05 -8.117243589637283
7.0600000000000005 -8.152519807859523
7.07 -8.129866207140783
7.08 -8.022896978305077
7.09 -7.962381884704842
7.1000000000000005 -7.997600846545517
7.11 -8.487317693610121
7.12 -8.725013508333973
7.13 -8.802765396586615
7.140000000000001 -8.708357451075257
7.15 -8.594543200747731
7.16 -8.386503901703572
7.17 -8.267094116346563
7.18 -8.164704984293893
7.19 -8.196325460138196
7.2 -8.20747510661544
7.21 -8.233135179812615
7.22 -8.243766706881445
7.23 -8.305692272123284
7.24 -8.274404297244734
7.25 -8.211443483000009
7.26 -8.22268975967157
7.2700000000000005 -8.24294494823111
7.28 -8.168572019352498
7.29 -8.145096724261236
7.3 -8.335752097925573
7.3100000000000005 -8.44865128782399
7.32 -8.438525792023396
7.33 -8.399338306951515
7.34 -8.09522832233095
7.3500000000000005 -8.14230056815574
7.36 -8.067034829958567
7.37 -8.15508671090166
7.38 -8.138180820709033
7.390000000000001 -8.165131627957845
7.4 -8.224305778887846
7.41 -8.302652089290842
7.42 -8.222631534885332
7.43 -8.171337491576029
7.44 -8.132415884160922
7.45 -8.13525003803999
7.46 -8.34614591774382
7.47 -8.444830159683049
7.48 -8.654212568469319
7.49 -8.767609243728506
7.5 -8.752343194382794
7.51 -8.716965453827173
7.5200000000000005 -8.541274286700665
7.53 -8.144127720446946
7.54 -8.225756083639148
7.55 -8.141779682805344
7.5600000000000005 -8.162936580554186
7.57 -8.101631207076702
7.58 -8.143700088529085
7.59 -8.16656734771791
7.6000000000000005 -8.771170157530557
7.61 -8.786297950859565
7.62 -8.817997661995634
7.63 -8.708601792503746
7.640000000000001 -8.53688533568331
7.65 -8.430272883274885
7.66 -8.271901461788989
7.67 -8.147269622381843
7.68 -8.170465825008796
7.69 -8.10095308643843
7.7 -8.392700276592999
7.71 -8.374595147524186
7.72 -8.377068746295402
7.73 -8.254231436103657
7.74 -8.087568387332084
7.75 -8.053030150716044
7.76 -8.076861849790953
7.7700000000000005 -8.03816633130626
7.78 -8.101718760815016
7.79 -8.42800493319106
7.8 -8.43813774388107
7.8100000000000005 -8.377337495288915
7.82 -8.26253115351575
7.83 -8.019031343199964
7.84 -8.100605451378158
7.8500000000000005 -8.0299040930859
7.86 -8.029970423369173
7.87 -8.105971436133746
7.88 -8.282002979980794
7.890000000000001 -8.292612808461426
7.9 -8.299215951289522
7.91 -8.084930469414234
7.92 -7.987845313977433
7.930000000000001 -7.9368690290336446
7.94 -7.889922035813532
7.95 -8.206224654840254
7.96 -8.320454533103144
7.97 -8.469970903810376
7.98 -8.517417314403753
7.99 -8.581771241288276
8.0 -8.537469025033236
8.01 -8.253853060721111
8.02 -8.007800616363786
8.03 -8.01847390453073
8.040000000000001 -8.065899407960018
8.05 -8.02070161572037
8.06 -7.96559549468727
8.07 -8.005848439630986
8.08 -8.188952373253988
8.09 -8.65957822412864
8.1 -8.739517783621045
8.11 -8.658165701596873
8.120000000000001 -8.622851972398465
8.13 -8.433492392450828
8.14 -8.408741098228102
8.15 -8.197715589206132
8.16 -8.22266074251386
8.17 -8.223095981456852
8.18 -8.265741647537945
8.19 -8.5134292849739
8.2 -8.504703765862914
8.21 -8.277775867982337
8.22 -8.225090989275735
8.23 -8.258877215612385
8.24 -8.206849763528465
8.25 -8.18828675460388
8.26 -8.191982839519273
8.27 -8.273002519620531
8.28 -8.51747409935386
8.290000000000001 -8.52011416475524
8.3 -8.49017168728787
8.31 -8.41057445957648
8.32 -8.165640738147806
8.33 -8.184840577827728
8.34 -8.220992930063181
8.35 -8.198918309168675
8.36 -8.225246759798095
8.370000000000001 -8.236362591950545
8.38 -8.167207049456453
8.39 -8.128784897055757
8.4 -8.113075013151514
8.41 -8.136073563669857
8.42 -8.130334980154148
8.43 -8.131175483910942
8.44 -8.411564173475599
8.45 -8.439965042673036
8.46 -8.737781507746442
8.47 -8.764938396713577
8.48 -8.76642327594219
8.49 -8.713138825382819
8.5 -8.306828579570892
8.51 -8.159897329693273
8.52 -8.187320054564523
8.53 -8.181188033500641
8.540000000000001 -8.175415877706536
8.55 -8.183527126915362
8.56 -8.143387844796495
8.57 -8.552409452217677
8.58 -8.7068792849012
8.59 -8.785215600701065
8.6 -8.809570226902785
8.61 -8.69024572477002
8.620000000000001 -8.465721948470646
8.63 -8.415581068778094
8.64 -8.19864791064752
8.65 -8.173909469260577
8.66 -8.166780708507819
8.67 -8.257653570266589
8.68 -8.322849157117806
8.69 -8.470771640760592
8.700000000000001 -8.411829776113901
8.71 -8.209006639554998
8.72 -8.115651621784178
8.73 -8.148981014380816
8.74 -8.100462435786847
8.75 -8.111031655938916
8.76 -8.25337163951102
8.77 -8.48105539951188
8.78 -8.455535921134095
8.790000000000001 -8.457963194204128
8.8 -8.215092823959766
8.81 -8.101125816403366
8.82 -8.14561824992013
8.83 -8.138417919401418
8.84 -8.131878435463419
8.85 -8.37157123085434
8.86 -8.489999935028218
8.870000000000001 -8.479088176222893
8.88 -8.45460647677957
8.89 -8.180107070709028
8.9 -8.208328894999372
8.91 -8.224123963364608
8.92 -8.365168683210493
8.93 -8.546803710839328
8.94 -8.659662422447974
8.950000000000001 -8.857321419503897
8.96 -8.856980620309987
8.97 -8.87244704664297
8.98 -8.799019838856271
8.99 -8.329768532806764
9.0 -8.262327851785667
9.01 -8.227532562841269
9.02 -8.281263274589728
9.03 -8.293836574102256
9.040000000000001 -8.309167289408471
9.05 -8.24934526288932
9.06 -8.589876283751291
9.07 -8.770836180824045
9.08 -8.793583443787076
9.09 -8.789671266319038
9.1 -8.707028769465593
9.11 -8.489284377261349
9.120000000000001 -8.429397935543545
9.13 -8.240388592847307
9.14 -8.269062562515769
9.15 -8.257060463894161
9.16 -8.286300624043644
9.17 -8.281385188366604
9.18 -8.352472984917929
9.19 -8.405890737473893
9.200000000000001 -8.245610298132428
9.21 -8.252895323374366
9.22 -8.22941816542242
9.23 -8.266579228111848
9.24 -8.261245650817942
9.25 -8.483102690327895
9.26 -8.563657663065728
9.27 -8.530130392482132
9.28 -8.46897529116025
9.290000000000001 -8.217782952820047
9.3 -8.174127395348092
9.31 -8.210392498395942
9.32 -8.247782295579377
9.33 -8.248876026392272
9.34 -8.210163234025975
9.35 -8.24985650230123
9.36 -8.322215524046602
9.370000000000001 -8.356190831229874
9.38 -8.173117404214507
9.39 -8.166201773008279
9.4 -8.140773821605496
9.41 -8.301518404427576
9.42 -8.415906501981432
9.43 -8.60638098826794
9.44 -8.661589362840735
9.450000000000001 -8.752505460964837
9.46 -8.74748236462279
9.47 -8.597781740257528
9.48 -8.17105228961923
9.49 -8.175930197986498
9.5 -8.171720296860725
9.51 -8.192103052488406
9.52 -8.177811178401104
9.53 -8.207859086482287
9.540000000000001 -8.212148496211988
9.55 -8.734710646130708
9.56 -8.868321219428253
9.57 -8.856188917414796
9.58 -8.840958032593733
9.59 -8.646190931519529
9.6 -8.537789830375454
9.61 -8.380529695215861
9.620000000000001 -8.290014352603187
9.63 -8.260356214868851
9.64 -8.279317756830414
9.65 -8.490307002362227
9.66 -8.564732762471886
9.67 -8.493873537590266
9.68 -8.528179740469236
9.69 -8.260097943405993
9.700000000000001 -8.278318478419918
9.71 -8.253694346452644
9.72 -8.25393640911502
9.73 -8.203616272778847
9.74 -8.49293722323791
9.75 -8.441668449635532
9.76 -8.486295610899496
9.77 -8.418004295229338
9.78 -8.209532226180587
9.790000000000001 -8.25092479497756
9.8 -8.159489898296897
9.81 -8.140445879747304
9.82 -8.176607405138448
9.83 -8.499914365288179
9.84 -8.500007650699155
9.85 -8.445631264966174
9.86 -8.220123389116303
9.870000000000001 -8.07288484454131
9.88 -8.070197652799177
9.89 -8.130172731169983
9.9 -8.358647971819382
9.91 -8.341920503038882
9.92 -8.58534467101176
9.93 -8.697162800970137
9.94 -8.690208162669753
9.950000000000001 -8.754124690887712
9.96 -8.634239433684288
9.97 -8.349107353030615
9.98 -8.336407050759593
9.99 -8.338335190949818
10.0 -8.317856752691089
10.01 -8.27288518583104
10.02 -8.249968870475248
10.03 -8.261951719749675
10.040000000000001 -8.819374350004564
10.05 -8.811588092165024
10.06 -8.808498990964349
10.07 -8.774973804583684
10.08 -8.63921650805341
10.09 -8.49164600852927
10.1 -8.330819479723452
10.11 -8.256452889727617
10.120000000000001 -8.278707209529783
10.13 -8.275235695623213
10.14 -8.54258563682845
10.15 -8.54265742959842
10.16 -8.388407471048135
10.17 -8.329866208469618
10.18 -8.23089977655585
10.19 -8.167819977255796
10.200000000000001 -8.12934129848763
10.21 -8.080876098648954
10.22 -8.112293688662161
10.23 -8.39838506599274
10.24 -8.450062277046282
10.25 -8.455910251177537
10.26 -8.377094781307406
10.27 -8.114616084269658
10.28 -8.158499952527619
10.290000000000001 -8.129183772882536
10.3 -8.194982175250583
10.31 -8.256976503499324
10.32 -8.334556124469156
10.33 -8.253977829923958
10.34 -8.225218554345354
10.35 -8.195630473164753
10.36 -8.212354657173037
10.370000000000001 -8.225501496832702
10.38 -8.20763772805782
10.39 -8.491518771842248
10.4 -8.524712357360515
10.41 -8.725253724447816
10.42 -8.820075518146124
10.43 -8.968435149672391
10.44 -8.781689946318977
10.450000000000001 -8.522843374426406
10.46 -8.231764576054694
10.47 -8.229264365420658
10.48 -8.235362274412477
10.49 -8.253072346581035
10.5 -8.22725008140891
10.51 -8.266821170097813
10.52 -8.483455154550914
10.53 -8.754978038992991
10.540000000000001 -8.739369974794558
10.55 -8.8308307572073
10.56 -8.73555031267479
10.57 -8.542539526363333
10.58 -8.48170117002585
10.59 -8.173282437697571
10.6 -8.129263558285597
10.61 -8.146307735704456
10.620000000000001 -8.223941531648135
10.63 -8.40487016929797
10.64 -8.513654743483011
10.65 -8.445518688401473
10.66 -8.243916331152532
10.67 -8.09646392127348
10.68 -8.173513674415277
10.69 -8.156499816251278
10.700000000000001 -8.160437152100888
10.71 -8.219223665534118
10.72 -8.434366568965098
10.73 -8.469691985631185
10.74 -8.500397490335892
10.75 -8.453774205221663
10.76 -8.238038512399228
10.77 -8.259583482914321
10.78 -8.161730677701595
10.790000000000001 -8.132797789701804
10.8 -8.240546236404695
10.81 -8.35491344208317
10.82 -8.35211813445483
10.83 -8.388811130073254
10.84 -8.078904756168853
10.85 -8.093982257765044
10.86 -8.077744668224767
10.870000000000001 -8.139203429405415
10.88 -8.396989372935781
10.89 -8.498472210825266
10.9 -8.602724555074733
10.91 -8.640704900557092
10.92 -8.696883646773335
10.93 -8.642215067452309
10.94 -8.183732354571022
10.950000000000001 -8.08532485443801
10.96 -8.049317099074806
10.97 -8.059192056005147
10.98 -8.04824419515871
10.99 -8.055102890690476
11.0 -8.08557632125587
11.01 -8.441275912717762
11.02 -8.780806742534057
11.03 -8.783567901666379
11.040000000000001 -8.799365034299676
11.05 -8.60706982239088
11.06 -8.515983644361622
11.07 -8.438742184111122
11.08 -8.184792849693297
11.09 -8.246343436900878
11.1 -8.215663674232236
11.11 -8.219798232793579
11.120000000000001 -8.20155912618053
11.13 -8.24958265182373
11.14 -8.289126225601569
11.15 -8.220216902330812
11.16 -8.187845338397715
11.17 -8.230460604956967
11.18 -8.222928803871417
11.19 -8.203049949677526
11.200000000000001 -8.385192349509657
11.21 -8.516858445661791
11.22 -8.541813408959468
11.23 -8.500647641950664
11.24 -8.302677973230852
11.25 -8.186418905324212
11.26 -8.194372183586756
11.27 -8.187353434065706
11.28 -8.186256079609347
11.290000000000001 -8.175237781640408
11.3 -8.207281192052061
11.31 -8.24510821132875
11.32 -8.268042220773118
11.33 -8.13161072025379
11.34 -8.135351802611043
11.35 -8.162786702967734
11.36 -8.292677269934952
11.370000000000001 -8.477938183265218
11.38 -8.598992983522376
11.39 -8.764251353437249
11.4 -8.747277098672603
11.41 -8.760973822496116
11.42 -8.642690707438312
11.43 -8.225901836912074
11.44 -8.173156277824623
11.450000000000001 -8.193601110278657
11.46 -8.161590478015551
11.47 -8.176733282757123
11.48 -8.153552982701601
11.49 -8.164525026014777
11.5 -8.626073775260304
11.51 -8.802066676704495
11.52 -8.762819715661003
11.53 -8.70360197956391
11.540000000000001 -8.558671507926247
11.55 -8.401270669728941
11.56 -8.396186028333634
11.57 -8.17785296345342
11.58 -8.231482804404589
11.59 -8.169161407215359
11.6 -8.381369805786163
11.61 -8.459824871887998
11.620000000000001 -8.50020583632142
11.63 -8.500070760942751
11.64 -8.15816958119325
11.65 -8.159001057656363
11.66 -8.150177521060897
11.67 -8.137350710830082
11.68 -8.179754679819464
11.69 -8.48572696749708
11.700000000000001 -8.56174597422786
11.71 -8.586323503398177
11.72 -8.481208892186933
11.73 -8.210178476949647
11.74 -8.152865978645313
11.75 -8.171862095864713
11.76 -8.211084693298865
11.77 -8.233048734536576
11.78 -8.500446318796225
11.790000000000001 -8.53521937234611
11.8 -8.55481289007678
11.81 -8.415706792084428
11.82 -8.182731584273425
11.83 -8.219485323908096
11.84 -8.213656433900798
11.85 -8.395470874460734
11.86 -8.540390325442683
11.870000000000001 -8.708915282599987
11.88 -8.74729057588974
11.89 -8.821581020580552
11.9 -8.859260965393839
11.91 -8.683490431277402
11.92 -8.311363991853568
11.93 -8.246113896138702
11.94 -8.219523154545161
11.950000000000001 -8.235609434938235
11.96 -8.212452906581447
11.97 -8.241560176069136
11.98 -8.252283952881744
11.99 -8.771870880813795
12.0 -8.837725159407833
12.01 -8.836078667256558
12.02 -8.820707440796056
12.030000000000001 -8.610203436703138
12.040000000000001 -8.4594428875788
12.05 -8.443493018804128
12.06 -8.241652325003097
12.07 -8.234459376298007
12.08 -8.20499589381224
12.09 -8.460336186741898
12.1 -8.510857559455836
12.11 -8.308487633846363
12.120000000000001 -8.242383886980596
12.13 -8.234565861304413
12.14 -8.274259504150828
12.15 -8.246177404065442
12.16 -8.246853587213495
12.17 -8.24899647423409
12.18 -8.549774316239604
12.19 -8.593059745109336
12.200000000000001 -8.565043711997602
12.21 -8.468476116292493
12.22 -8.222798221283004
12.23 -8.197258584581716
12.24 -8.23134840584871
12.25 -8.233594973900015
12.26 -8.291081255165906
12.27 -8.44923375985432
12.280000000000001 -8.346337679907721
12.290000000000001 -8.286314241820731
12.3 -8.240386940307728
12.31 -8.22907312435784
12.32 -8.224819031092586
12.33 -8.229734167390696
12.34 -8.456399309567889
12.35 -8.572128274364008
12.36 -8.751362443284007
12.370000000000001 -8.821698395461352
12.38 -8.734433442076071
12.39 -8.757560679961957
12.4 -8.63287710020553
12.41 -8.245510566197561
12.42 -8.310838151489719
12.43 -8.286514688162914
12.44 -8.276116085272815
12.450000000000001 -8.243486644521578
12.46 -8.249639103284254
12.47 -8.25028426175119
12.48 -8.837820618458657
12.49 -8.85737573926548
12.5 -8.904161436025989
12.51 -8.801716737622852
12.52 -8.59668676410626
12.530000000000001 -8.55404705242295
12.540000000000001 -8.344397963709495
12.55 -8.307165583896555
12.56 -8.371644442299685
12.57 -8.385493500504143
12.58 -8.583081999743547
12.59 -8.72345507156689
12.6 -8.672705682165954
12.61 -8.559301347300575
12.620000000000001 -8.376758540835551
12.63 -8.374465676551656
12.64 -8.351406588320577
12.65 -8.311627129253242
12.66 -8.345397215411792
12.67 -8.628404228504495
12.68 -8.62871203538307
12.69 -8.623870982454848
12.700000000000001 -8.44322013246568
12.71 -8.296793849159588
12.72 -8.27224815397187
12.73 -8.232502923868138
12.74 -8.193574217057291
12.75 -8.26626943603391
12.76 -8.458396537788316
12.77 -8.437063651574956
12.780000000000001 -8.442260564903906
12.790000000000001 -8.215484682316259
12.8 -8.12664366695803
12.81 -8.129420781121295
12.82 -8.131677649120581
12.83 -8.437729833797478
12.84 -8.515086189832065
12.85 -8.66445955887396
12.86 -8.699711312123734
12.870000000000001 -8.798528688576011
12.88 -8.787236430501958
12.89 -8.515879495825958
12.9 -8.3163105323413
12.91 -8.336414210809572
12.92 -8.339780103525284
12.93 -8.364153934289936
12.94 -8.322311836498862
12.950000000000001 -8.320515267080431
12.96 -8.504445565199623
12.97 -8.959937955236649
12.98 -8.913292239277405
12.99 -8.941114173857747
13.0 -8.810984703106291
13.01 -8.717124522212416
13.02 -8.675733932262903
13.030000000000001 -8.39954307034162
13.040000000000001 -8.383123708487004
13.05 -8.3798958439597
13.06 -8.384313031658843
13.07 -8.430108739387299
13.08 -8.483110358040113
13.09 -8.569019594988863
13.1 -8.52723387868805
13.11 -8.42925431607617
13.120000000000001 -8.385462606710671
13.13 -8.368252152774973
13.14 -8.397584186060941
13.15 -8.498418626769746
13.16 -8.706255744859295
13.17 -8.754501688753235
13.18 -8.728844791011937
13.19 -8.463003562992206
13.200000000000001 -8.385082903847264
13.21 -8.33211471381666
13.22 -8.32566270012562
13.23 -8.307170486065791
13.24 -8.352937831654454
13.25 -8.378132887721488
13.26 -8.59200764500424
13.27 -8.576095349017221
13.280000000000001 -8.265406638480266
13.290000000000001 -8.270145391176385
13.3 -8.25546087546928
13.31 -8.399501677962007
13.32 -8.62238910034712
13.33 -8.77968071599687
13.34 -8.84717048317874
13.35 -8.90355152173573
13.36 -8.921623164649311
13.370000000000001 -8.874790378630632
13.38 -8.486282817212413
13.39 -8.383934458433016
13.4 -8.383004122782728
13.41 -8.368545679335233
13.42 -8.338678755966203
13.43 -8.320000649703593
13.44 -8.340295674288184
13.450000000000001 -8.690000164080743
13.46 -8.960318118177545
13.47 -8.910545409924703
13.48 -8.812617635010772
13.49 -8.79596124683246
13.5 -8.641545893449262
13.51 -8.516173997450922
13.52 -8.302093985502758
13.530000000000001 -8.288040055481416
13.540000000000001 -8.262511860988642
13.55 -8.409794199977147
13.56 -8.593882215586717
13.57 -8.559841441093063
13.58 -8.56361298573682
13.59 -8.334340556209554
13.6 -8.339136158184784
13.61 -8.32526309330851
13.620000000000001 -8.308929273124932
13.63 -8.317575852007328
13.64 -8.57583325477833
13.65 -8.568492738504132
13.66 -8.645811444475328
13.67 -8.587528873377359
13.68 -8.334796827672456
13.69 -8.2260734937077
13.700000000000001 -8.229293661215257
13.71 -8.174700454375907
13.72 -8.184113336131219
13.73 -8.434326267571343
13.74 -8.486924360283238
13.75 -8.47136818736863
13.76 -8.339252366033014
13.77 -8.094958300136408
13.780000000000001 -8.095282200994689
13.790000000000001 -8.12214508874074
13.8 -8.257641354854398
13.81 -8.48041128435229
13.82 -8.621160909854893
13.83 -8.663739504289717
13.84 -8.753745047578265
13.85 -8.752031119566661
13.86 -8.598613043370262
13.870000000000001 -8.18340449768114
13.88 -8.210387645582054
13.89 -8.195131473170969
13.9 -8.27639864283093
13.91 -8.238971173077646
13.92 -8.257846602965115
13.93 -8.268010860873176
13.94 -8.698056130864535
13.950000000000001 -8.85177991282226
13.96 -8.818942513426203
13.97 -8.896393124254944
13.98 -8.757142159126614
13.99 -8.486946652785905
14.0 -8.51945171057477
14.01 -8.269187710832925
14.02 -8.229607254924678
14.030000000000001 -8.279175933815315
14.040000000000001 -8.489813188496218
14.05 -8.559262166984754
14.06 -8.41165398728993
14.07 -8.282609994767315
14.08 -8.300644577911669
14.09 -8.246461468975825
14.1 -8.340842941689791
14.11 -8.284226702300947
14.120000000000001 -8.268323201685957
14.13 -8.46954530199107
14.14 -8.575419994975567
14.15 -8.563506220697334
14.16 -8.51166246874329
14.17 -8.302131356701116
14.18 -8.215014234067919
14.19 -8.204763121912151
14.200000000000001 -8.21911074185266
14.21 -8.225702780459239
14.22 -8.392063906535824
14.23 -8.268134881353232
14.24 -8.317105590927358
14.25 -8.265338333829538
14.26 -8.290515232403537
14.27 -8.245967424956648
14.280000000000001 -8.206497981060469
14.290000000000001 -8.365188254560861
14.3 -8.431592827046497
14.31 -8.635403438358209
14.32 -8.775533991549496
14.33 -8.859275662803405
14.34 -8.86370612208868
14.35 -8.678515765575456
14.36 -8.291168892724134
14.370000000000001 -8.214396470395547
14.38 -8.214746331137283
14.39 -8.251953433315599
14.4 -8.253256353582028
14.41 -8.220720784421413
14.42 -8.167598957340775
14.43 -8.708038151900908
14.44 -8.779928123536271
14.450000000000001 -8.790685397519105
14.46 -8.722168115768653
14.47 -8.611660670089297
14.48 -8.471153960461447
14.49 -8.321184276338107
14.5 -8.179300795448796
14.51 -8.160384489110546
14.52 -8.152406818231126
14.530000000000001 -8.33981987826867
14.540000000000001 -8.42195398178061
14.55 -8.380128614256627
14.56 -8.291576190918372
14.57 -8.07815243193981
14.58 -8.046539953555172
14.59 -8.09431222643048
14.6 -8.098008778081201
14.61 -8.13713545346432
14.620000000000001 -8.283430506267623
14.63 -8.28715564512322
14.64 -8.391134525205157
14.65 -8.211138977506915
14.66 -7.997218973406619
14.67 -7.9871104788703695
14.68 -7.951879139998788
14.69 -7.971609264582467
14.700000000000001 -7.990965006629374
14.71 -8.260371297157317
14.72 -8.2490688095823
14.73 -8.299277589046229
14.74 -8.10590403313241
14.75 -8.023487188513968
14.76 -8.025764409223491
14.77 -8.020843526014804
14.780000000000001 -8.347185879700412
14.790000000000001 -8.437232540360679
14.8 -8.71974431308943
14.81 -8.763687357930582
14.82 -8.752946773129148
14.83 -8.720859501473157
14.84 -8.454846046351118
14.85 -8.16819760276139
14.86 -8.198163123592005
14.870000000000001 -8.219144863559738
14.88 -8.200543422541896
14.89 -8.172386230788273
14.9 -8.163773796169561
14.91 -8.237663954571355
14.92 -8.744375109615422
14.93 -8.852547373395929
14.94 -8.771586074414174
14.950000000000001 -8.667430514588933
14.96 -8.521100130454608
14.97 -8.473492802578123
14.98 -8.26403958582003
14.99 -8.196185938897877
15.0 -8.281369149329922
15.01 -8.265821424057927
15.02 -8.245015113530524
15.030000000000001 -8.270064219558963
15.040000000000001 -8.348113419383601
15.05 -8.313228645871016
15.06 -8.208063385659425
15.07 -8.24618950889871
15.08 -8.216417068821038
15.09 -8.194827664367851
15.1 -8.296499098550568
15.11 -8.410219148968014
15.120000000000001 -8.46629477745856
15.13 -8.466444603805913
15.14 -8.375639033174853
15.15 -8.148688452606331
15.16 -8.141621247208692
15.17 -8.114513928784241
15.18 -8.13471933681582
15.19 -8.11086798060179
15.200000000000001 -8.086807330649574
15.21 -8.253347262675247
15.22 -8.308850916943827
15.23 -8.099797529465649
15.24 -8.041810686409388
15.25 -8.055967530352758
15.26 -8.064731299669893
15.27 -8.278070314802079
15.280000000000001 -8.447931222305558
15.290000000000001 -8.58144443917585
15.3 -8.614201768390862
15.31 -8.628779541358794
15.32 -8.619598038470812
15.33 -8.305092872272937
15.34 -8.098935928981073
15.35 -8.079723922709608
15.36 -8.059748461822018
15.370000000000001 -8.002165836567407
15.38 -8.026248585226323
15.39 -8.040660704316082
15.4 -8.363902520077625
15.41 -8.53201376924983
15.42 -8.64355764899178
15.43 -8.636377995562944
15.44 -8.544475882485957
15.450000000000001 -8.406078508640356
15.46 -8.320270527875604
15.47 -8.139244219296488
15.48 -8.059466258893583
15.49 -8.038185823133997
15.5 -8.02611041661036
15.51 -8.30616352259114
15.52 -8.375344923616408
15.530000000000001 -8.446080460101681
15.540000000000001 -8.275622951391071
15.55 -8.122838859433925
15.56 -8.130375471929957
15.57 -8.06786792253787
15.58 -8.11998507687339
15.59 -8.229614588479283
15.6 -8.495837312579896
15.610000000000001 -8.522051474583625
15.620000000000001 -8.519745791225224
15.63 -8.21947375863529
15.64 -8.089865092574195
15.65 -8.092720404994136
15.66 -8.078557094755482
15.67 -8.121986947010864
15.68 -8.31752397271729
15.69 -8.425627399191763
15.700000000000001 -8.431230171286694
15.71 -8.407228842119693
15.72 -8.160722775730182
15.73 -8.15012555083573
15.74 -8.208422837006939
15.75 -8.285975850677184
15.76 -8.534683007449969
15.77 -8.59764699271879
15.780000000000001 -8.777958394875899
15.790000000000001 -8.7602365386673
15.8 -8.805550944865681
15.81 -8.714117118476489
15.82 -8.305287492637895
15.83 -8.216246609900413
15.84 -8.224034643596813
15.85 -8.232651523221211
15.860000000000001 -8.196164678799864
15.870000000000001 -8.239691628076814
15.88 -8.229258867742766
15.89 -8.579955762912084
15.9 -8.809481406754923
15.91 -8.818715656038613
15.92 -8.802486026017613
15.93 -8.60631755572879
15.94 -8.483736553271962
15.950000000000001 -8.385506112395317
15.96 -8.234153480041956
15.97 -8.251053724505669
15.98 -8.253044273359526
15.99 -8.393839419278295
16.0 -8.598759515910865
