0.0 -8.179066648541662
0.01 -7.764615645358412
0.02 -7.55628324805552
0.03 -7.364090631246757
0.04 -7.045892640255254
0.05 -6.97500791514687
0.06 -6.906860326813707
0.07 -6.852441578923442
0.08 -6.80102475130548
0.09 -6.743442642190343
0.1 -6.698831313488367
0.11 -6.6607422268252225
0.12 -6.817357754420554
0.13 -6.821190384904266
0.14 -7.046527503966763
0.15 -7.098787868385962
0.16 -6.964188042935173
0.17 -6.955432127016163
0.18 -6.782921883471845
0.19 -6.707171946165983
0.2 -6.673963038394984
0.21 -6.660591535288899
0.22 -6.640948373182294
0.23 -6.619521682771673
0.24 -6.607441852053371
0.25 -6.512035639540859
0.26 -6.286230950110193
0.27 -6.440679210693565
0.28 -6.563478267167882
0.29 -6.518506715642912
0.3 -6.556770238049009
0.31 -6.555899884218472
0.32 -6.5423115716533795
0.33 -6.553223906807637
0.34 -6.546923865063314
0.35000000000000003 -6.5295714857994644
0.36 -6.566324978746408
0.37 -6.528483985712534
0.38 -6.536201134010493
0.39 -6.537042346798667
0.4 -6.505120759811034
0.41000000000000003 -6.52938951215675
0.42 -6.486347930915543
0.43 -6.3793229718115105
0.44 -6.17328645781417
0.45 -6.193724053605182
0.46 -6.1990575443186
0.47000000000000003 -6.1883794211052
0.48 -6.179019683726479
0.49 -6.382166882325893
0.5 -6.483924452471855
0.51 -6.503161737855815
0.52 -6.584588248686602
0.53 -6.61585372332965
0.54 -6.697051682091625
0.55 -6.507367435730139
0.56 -6.4652098561130495
0.5700000000000001 -6.47685590265918
0.58 -6.49809089854182
0.59 -6.500582426188452
0.6 -6.673193669513212
0.61 -6.825671780470029
0.62 -6.835591103414191
0.63 -6.8438212640256575
0.64 -6.679983069493394
0.65 -6.503957741727667
0.66 -6.532178199328507
0.67 -6.549585179776342
0.68 -6.579249784350405
0.6900000000000001 -6.852010156721912
0.7000000000000001 -7.022302240280551
0.71 -6.949578340545324
0.72 -6.721777697135253
0.73 -6.615645145614768
0.74 -6.635765472502301
0.75 -6.623814381431722
0.76 -6.553084853347367
0.77 -6.610950051177213
0.78 -6.678810206486358
0.79 -6.725457290889193
0.8 -6.709985365874232
0.81 -6.6007054353676775
0.8200000000000001 -6.663272504842398
0.8300000000000001 -6.799222423437877
0.84 -6.909064691494724
0.85 -6.986289766939975
0.86 -6.88138667687965
0.87 -6.767067298740696
0.88 -6.442856358820499
0.89 -6.511033967807978
0.9 -6.65821775563544
0.91 -6.89870598987941
0.92 -6.927511151054929
0.93 -6.7969992134689665
0.9400000000000001 -6.639824427862401
0.9500000000000001 -6.836288424135122
0.96 -7.107830466412998
0.97 -7.178576911957325
0.98 -7.1437153773636
0.99 -6.815257385621559
1.0 -6.558204508261007
1.01 -6.664057100804839
1.02 -6.849047451512637
1.03 -6.793916859305752
1.04 -6.4932477762158864
1.05 -6.49710219764969
1.06 -6.514569450974558
1.07 -6.8244825300190985
1.08 -6.958798992067213
1.09 -7.022896965274286
1.1 -7.139701900240409
1.11 -6.95411143422682
1.12 -6.729458618905008
1.1300000000000001 -6.699506225850378
1.1400000000000001 -6.764929725976305
1.1500000000000001 -7.032587263095515
1.16 -7.026048455013451
1.17 -6.977939174708313
1.18 -6.982773183430295
1.19 -7.145493969969343
1.2 -7.168129568966028
1.21 -7.18596036646521
1.22 -7.242195850063819
1.23 -7.528027366935459
1.24 -7.582344506188403
1.25 -7.576564199195058
1.26 -7.18789081316901
1.27 -7.240126765948122
1.28 -7.233449946155815
1.29 -7.12998696723893
1.3 -7.180139311708254
1.31 -7.353145511324265
1.32 -7.387250909655524
1.33 -7.357010478132212
1.34 -7.263773074211931
1.35 -7.078306296105374
1.36 -7.103922460978676
1.37 -7.075215330918705
1.3800000000000001 -7.056474307650688
1.3900000000000001 -7.024149395064003
1.4000000000000001 -7.219442802859564
1.41 -7.304236231303088
1.42 -7.25724622425289
1.43 -7.371740458923425
1.44 -7.4579008956532675
1.45 -7.117324005850511
1.46 -6.840175396418402
1.47 -6.853533823978076
1.48 -6.848565397731093
1.49 -6.829939955472122
1.5 -6.773936505943679
1.51 -6.893711892991253
1.52 -7.041795915322787
1.53 -7.031494715629221
1.54 -7.117390606766844
1.55 -7.191643647697001
1.56 -7.056978699882835
1.57 -7.04519165533197
1.58 -7.031801990754765
1.59 -7.070691673740694
1.6 -7.151888477179279
1.61 -7.165883040429473
1.62 -7.232760367363651
1.6300000000000001 -7.263104447839438
1.6400000000000001 -7.260632624023921
1.6500000000000001 -7.257306709673602
1.6600000000000001 -7.244719622548471
1.67 -7.152132439806158
1.68 -6.9951580834941565
1.69 -7.190383883287311
1.7 -7.277846147320866
1.71 -7.311390198219976
1.72 -7.311395148408302
1.73 -7.326185712792002
1.74 -7.327033257183079
1.75 -7.2658578653451
1.76 -7.216601458589217
1.77 -7.171591648719489
1.78 -7.200992672432725
1.79 -7.2605807250243295
1.8 -7.3093110079519725
1.81 -7.1536348730704535
1.82 -7.167153952904143
1.83 -6.884499461443536
1.84 -6.871740282654565
1.85 -6.823589539535435
1.86 -6.816099897614851
1.87 -6.829599865913794
1.8800000000000001 -6.854831065865665
1.8900000000000001 -6.7557591910579164
1.9000000000000001 -6.711302182168232
1.9100000000000001 -6.7762944587004
1.92 -6.910034138624861
1.93 -6.96693113901676
1.94 -6.995880185616364
1.95 -7.03559425266506
1.96 -6.985375606821749
1.97 -6.965734649939355
1.98 -6.812373575963377
1.99 -6.658818726593658
2.0 -6.689874042165003
2.0100000000000002 -6.682820417684047
2.02 -6.755414205750931
2.0300000000000002 -6.6324390476375275
2.04 -6.608282226277593
2.05 -6.542956114235381
2.06 -6.518614704179264
2.07 -6.744209605994765
2.08 -6.780644483684245
2.09 -6.942474702594021
2.1 -6.971347306184161
2.11 -6.930172432229571
2.12 -6.992751995634691
2.13 -6.774982793839539
2.14 -6.624847509097482
2.15 -6.539140075334118
2.16 -6.5137171286838464
2.17 -6.562338485171119
2.18 -6.333549823172313
2.19 -6.463686943602715
2.2 -6.398822351182309
2.21 -6.110811244169891
2.22 -5.999216009022906
2.23 -6.264746433249815
2.24 -6.383069531347968
2.25 -6.276192227956025
2.2600000000000002 -6.025480959265974
2.27 -6.150519418679109
2.2800000000000002 -6.24126270795692
2.29 -6.191559785599795
2.3000000000000003 -6.107082602456349
2.31 -6.174867610076161
2.32 -6.012352868128016
2.33 -6.155950413177009
2.34 -5.883919970462578
2.35 -6.049728543328801
2.36 -5.969425269928597
2.37 -6.146695234540944
2.38 -6.04517961879625
2.39 -5.800638731713582
2.4 -5.840991302625834
2.41 -5.832874887760775
2.42 -5.8436912779964665
2.43 -5.620639975253274
2.44 -5.802256574976601
2.45 -5.964910714543844
2.46 -6.037101826848312
2.47 -5.892306277245155
2.48 -5.951172053675631
2.49 -6.12066406114976
2.5 -6.132661901108339
2.5100000000000002 -5.860622073414479
2.52 -5.838098799523147
2.5300000000000002 -5.954634057752723
2.54 -5.964032330527944
2.5500000000000003 -6.329310471224354
2.56 -6.3879846871863055
2.57 -6.305459306242997
2.58 -6.703855084738433
2.59 -6.447837041777132
2.6 -6.007161218974623
2.61 -6.105397967747486
2.62 -6.430912768110042
2.63 -6.421623432078703
2.64 -6.685152722036226
2.65 -6.867915002627892
2.66 -6.8381420362502014
2.67 -6.55311784501425
2.68 -6.37151942619091
2.69 -6.4650208070335164
2.7 -6.722874377423767
2.71 -6.755036758104418
2.72 -6.833767866072305
2.73 -6.914399437020425
2.74 -6.965912042391193
2.75 -6.85542458098158
2.7600000000000002 -6.740148885900931
2.77 -6.895545137208354
2.7800000000000002 -6.9969256266508575
2.79 -7.237987303664917
2.8000000000000003 -7.451879424818903
2.81 -7.26035709047054
2.82 -7.2064015761879014
2.83 -6.7309065729919375
2.84 -6.735969129538834
2.85 -6.822158424265785
2.86 -6.897085178113325
2.87 -6.923768170017497
2.88 -6.819133166696679
2.89 -6.663090494107589
2.9 -6.788978635301928
2.91 -7.08410360114578
2.92 -7.185253669792514
2.93 -7.223722100289725
2.94 -6.8092090773378215
2.95 -6.6509649089490885
2.96 -6.689231511366449
2.97 -6.937898485148732
2.98 -6.896422338447712
2.99 -6.621863134123999
3.0 -6.573123193232415
3.0100000000000002 -6.596011203334113
3.02 -6.6185289197964146
3.0300000000000002 -6.917383760371187
3.04 -6.975390005029688
3.0500000000000003 -7.016706414657211
3.06 -6.8893412943220715
3.0700000000000003 -6.683143072538337
3.08 -6.70497230984764
3.09 -6.719690272442387
3.1 -6.9416941088314
3.11 -7.010941653329316
3.12 -7.001551698579852
3.13 -6.956770656563518
3.14 -7.018698221135654
3.15 -7.041877622555106
3.16 -7.042889184515524
3.17 -7.027301324887072
3.18 -7.285456568313456
3.19 -7.301371113729636
3.2 -7.427147013779943
3.21 -7.042434010852089
3.22 -7.05779670580343
3.23 -7.173281714757155
3.24 -6.997499002967361
3.25 -6.997507101981468
3.2600000000000002 -7.208869727209564
3.27 -7.297908063332589
3.2800000000000002 -7.271073670289371
3.29 -7.160930506969752
3.3000000000000003 -6.875096256497367
3.31 -6.9254309068637525
3.3200000000000003 -6.967240384401379
3.33 -7.015308772446096
3.34 -6.984243072428586
3.35 -7.00311085448355
3.36 -7.11271305916186
3.37 -7.104961977546175
3.38 -7.162636287956146
3.39 -7.264732310891401
3.4 -6.913359998141877
3.41 -6.738154076208222
3.42 -6.689647964854542
3.43 -6.743314455585172
3.44 -6.687811740219123
3.45 -6.766955078195835
3.46 -6.814140868215458
3.47 -7.021282790114619
3.48 -7.029207940690252
3.49 -7.0335346516771375
3.5 -7.041671739833851
3.5100000000000002 -7.03790453418083
3.52 -6.977935514652505
3.5300000000000002 -6.913193529946691
3.54 -6.887192640040642
3.5500000000000003 -6.909305915948821
3.56 -6.918897254034164
3.5700000000000003 -7.006777621290062
3.58 -6.8807701700689154
3.59 -6.886531104396212
3.6 -6.987036566291505
3.61 -7.007447793582132
3.62 -6.799098954425426
3.63 -6.622874046939879
3.64 -6.869359251723576
3.65 -7.03645418209611
3.66 -7.067819407333581
3.67 -6.946434525890996
3.68 -6.9183103384673545
3.69 -6.88929687189987
3.7 -6.883012646326241
3.71 -6.8781938262594915
3.72 -6.9375757152430255
3.73 -6.769455825602826
3.74 -6.831349516320041
3.75 -6.8573009776988805
3.7600000000000002 -6.734416571294543
3.77 -6.595909131690735
3.7800000000000002 -6.395204362914909
3.79 -6.392007902738875
3.8000000000000003 -6.351401915079172
3.81 -6.272483738872441
3.8200000000000003 -6.278365130514375
3.83 -6.248957775594253
3.84 -6.289736910944454
3.85 -6.111392042376427
3.86 -6.136992790296336
3.87 -6.350827769472045
3.88 -6.384471617075595
3.89 -6.357500278480558
3.9 -6.305286157324948
3.91 -6.15347722617296
3.92 -6.196199723456057
3.93 -6.091795254536263
3.94 -5.962978598604904
3.95 -5.6706762174937415
3.96 -5.53146238367056
3.97 -5.542652584414547
3.98 -5.795815680726482
3.99 -5.423669327160643
4.0 -5.474241378985456
4.01 -5.6251325465592315
4.0200000000000005 -5.674547533170871
4.03 -5.824967849937124
4.04 -5.950322817148587
4.05 -6.15856611666424
4.0600000000000005 -6.5975280125382225
4.07 -6.393446959698359
4.08 -6.316637421685311
4.09 -6.285290720368373
4.1 -6.259443498748265
4.11 -6.257413911120657
4.12 -6.267950515271366
4.13 -6.298792042913323
4.14 -6.293621764029517
4.15 -6.309901607690516
4.16 -6.0185366158715174
4.17 -6.042052719306425
4.18 -6.2999318466797565
4.19 -6.31890650624088
4.2 -6.2607683386571615
4.21 -6.23799306479505
4.22 -6.241785907313731
4.23 -6.195828177768564
4.24 -6.10807443254345
4.25 -6.051748723016425
4.26 -6.0471986146152314
4.2700000000000005 -5.979944287165465
4.28 -6.058426919007744
4.29 -6.182161134193184
4.3 -6.282041783004541
4.3100000000000005 -6.2813843417363815
4.32 -6.176730162295835
4.33 -5.998744622123055
4.34 -5.711872230608727
4.3500000000000005 -5.752024158429372
4.36 -5.667506687347359
4.37 -5.629889180031861
4.38 -5.830964350409337
4.39 -5.907499383673541
4.4 -5.964148416705882
4.41 -6.008033788097239
4.42 -6.184513628337797
4.43 -6.224067095428779
4.44 -6.243259619785725
4.45 -6.067200444219116
4.46 -6.015536557418764
4.47 -6.038683799597996
4.48 -6.230953596395457
4.49 -6.245606948047977
4.5 -6.272455837355765
4.51 -6.495304860583023
4.5200000000000005 -6.506258715947034
4.53 -6.411673002058162
4.54 -6.388883449020196
4.55 -5.986184842684842
4.5600000000000005 -6.145408173645998
4.57 -6.268820033499726
4.58 -6.297351381424349
4.59 -6.480312849299571
4.6000000000000005 -6.768464413092838
4.61 -6.740316312218739
4.62 -6.507143399992056
4.63 -6.328794973417347
4.64 -6.277675367109962
4.65 -6.239924626592172
4.66 -6.411149541707885
4.67 -6.4682370309756285
4.68 -6.569628040301966
4.69 -6.6178868380812625
4.7 -6.481993531404652
4.71 -6.258154685506238
4.72 -6.2555608395418245
4.73 -6.454857399032343
4.74 -6.714041602458684
4.75 -7.199055248807041
4.76 -7.193738291319827
4.7700000000000005 -7.274593316901384
4.78 -6.996140011055284
4.79 -6.834771638662411
4.8 -6.830889324095229
4.8100000000000005 -6.920135901354626
4.82 -7.005986068600956
4.83 -6.935918736173957
4.84 -6.638266004579025
4.8500000000000005 -6.7324456438604265
4.86 -7.047172594208688
4.87 -7.258960610487268
4.88 -7.261424304658944
4.89 -6.999923328669226
4.9 -6.663117607138535
4.91 -6.639501354471971
4.92 -6.965175213505391
4.93 -6.963169450785796
4.94 -6.7364541418205794
4.95 -6.661288184337432
4.96 -6.68359209696569
4.97 -6.91737998892573
4.98 -7.051278714661328
4.99 -7.056350976311476
5.0 -7.098020146017048
5.01 -6.967854174210061
5.0200000000000005 -6.687656635843562
5.03 -6.710679115333565
5.04 -6.716038182263286
5.05 -6.995402400625541
5.0600000000000005 -6.9996565619107605
5.07 -6.991741711905618
5.08 -6.976926396472508
5.09 -6.985256132801941
5.1000000000000005 -7.030061024114734
5.11 -7.02346177862311
5.12 -6.9683226988638545
5.13 -7.1127442233510765
5.14 -7.254986928702539
5.15 -7.372438771044942
5.16 -7.2072206724607355
5.17 -7.067346512389501
5.18 -7.135770049670424
5.19 -6.989531929619212
5.2 -7.01006718532587
5.21 -7.201615611077976
5.22 -7.310081123510279
5.23 -7.252591666834273
5.24 -7.191410968157853
5.25 -7.0057471353054686
5.26 -6.954559023962156
5.2700000000000005 -6.966715156376883
5.28 -6.9204243467172555
5.29 -6.910949455483668
5.3 -6.921554423938916
5.3100000000000005 -7.099357218369484
5.32 -7.050509473315362
5.33 -6.991290897378794
5.34 -7.159500281117925
5.3500000000000005 -6.969216423672806
5.36 -6.568808761370602
5.37 -6.5315148483935905
5.38 -6.515097357852056
5.39 -6.564868334421604
5.4 -6.488749466724604
5.41 -6.5770321345385785
5.42 -6.7130072517142025
5.43 -6.727914028045151
5.44 -6.730888737623298
5.45 -6.840209555944654
5.46 -6.887174386603494
5.47 -6.915116001439056
5.48 -6.886137871737834
5.49 -6.857216415029732
5.5 -6.857810487556562
5.51 -6.689823603295498
5.5200000000000005 -6.674381891893137
5.53 -6.631035803736783
5.54 -6.609852725523305
5.55 -6.586137076052992
5.5600000000000005 -6.615673669588145
5.57 -6.55094938215586
5.58 -6.1997190870387096
5.59 -6.341038946538491
5.6000000000000005 -6.414787415727322
5.61 -6.35219336238829
5.62 -6.249944703610012
5.63 -6.323377601408795
5.64 -6.176482262754823
5.65 -6.124843107646816
5.66 -6.009392121672127
5.67 -6.044564412502741
5.68 -6.02656972285287
5.69 -5.948286748260024
5.7 -5.924650810780981
5.71 -5.98204571868454
5.72 -6.117720572898659
5.73 -5.932727651139249
5.74 -5.9595498583656745
5.75 -5.984945728262892
5.76 -5.966886503494647
5.7700000000000005 -5.9820578688913795
5.78 -5.986781133610853
5.79 -5.981231024019628
5.8 -5.974787958327898
5.8100000000000005 -6.111685277922299
5.82 -6.26693903150923
5.83 -6.234870104212934
5.84 -6.2278467628519625
5.8500000000000005 -6.218559334959065
5.86 -6.242709113792122
5.87 -6.2347559582589325
5.88 -6.235869750777695
5.89 -6.0437264918745655
5.9 -5.96132561542469
5.91 -5.97221652881568
5.92 -5.996396369190821
5.93 -6.018096491870967
5.94 -6.02266395538168
5.95 -6.012924610330864
5.96 -6.011634437319315
5.97 -6.067316462592162
5.98 -6.207735904610399
5.99 -6.258141944203556
6.0 -6.542198137010391
6.01 -6.6083276316783675
6.0200000000000005 -6.5516148822876215
6.03 -6.505799197764524
6.04 -6.2973510531561
6.05 -6.281861084358497
6.0600000000000005 -6.263817844730989
6.07 -6.2622470044941
6.08 -6.209852924882224
6.09 -6.187176975878088
6.1000000000000005 -6.126257390558876
6.11 -5.960255824625401
6.12 -5.928672923144627
6.13 -6.1796098398570125
6.140000000000001 -6.211657827203402
6.15 -6.150971417221774
6.16 -6.105474583465127
6.17 -6.071986071604863
6.18 -6.044624044196101
6.19 -5.955765207839659
6.2 -6.050465528484829
6.21 -6.024407981154849
6.22 -6.053795882669749
6.23 -6.066136136097444
6.24 -6.102525430532222
6.25 -6.173317948388145
6.26 -6.173412102907832
6.2700000000000005 -6.159297095180284
6.28 -6.175913769160084
6.29 -5.948905466893326
6.3 -5.893699283091242
6.3100000000000005 -5.869461433709176
6.32 -5.910047678296319
6.33 -6.270901111702178
6.34 -6.277847608689079
6.3500000000000005 -6.48192973086659
6.36 -6.501480891025732
6.37 -6.57719437506749
6.38 -6.584124234981388
6.390000000000001 -6.694392186168826
6.4 -6.414767154390433
6.41 -6.2861572374590216
6.42 -6.4174485262699275
6.43 -6.361796853606394
6.44 -6.481271303667948
6.45 -6.4810895072493615
6.46 -6.554484601732249
6.47 -6.502262600954905
6.48 -6.308392449770538
6.49 -6.347618385887637
6.5 -6.258992292683863
6.51 -6.113234794686415
6.5200000000000005 -5.796428782125495
6.53 -5.796016861225593
6.54 -5.922258362922208
6.55 -6.129548418629023
6.5600000000000005 -6.341842080785447
6.57 -6.242598102700597
6.58 -6.008667210491508
6.59 -6.131210376625243
6.6000000000000005 -6.15187336189894
6.61 -6.303977094381015
6.62 -6.350511797992794
6.63 -6.396280899404237
6.640000000000001 -6.26212534927448
6.65 -6.354749603820757
6.66 -6.1361708516716815
6.67 -6.223320304640685
6.68 -6.213778799944259
6.69 -6.326688631398415
6.7 -6.860994844935087
6.71 -6.951468573053783
6.72 -6.861627898909504
6.73 -6.694676901565851
6.74 -6.600178448290913
6.75 -6.579304831934348
6.76 -6.673940491538914
6.7700000000000005 -7.027519765681188
6.78 -7.089837963275439
6.79 -6.829061820979029
6.8 -6.777124958471897
6.8100000000000005 -7.093862750094423
6.82 -7.222105785743813
6.83 -7.211042427265977
6.84 -7.0925755135043715
6.8500000000000005 -6.7801147135376185
6.86 -6.677621060104866
6.87 -6.925023521305521
6.88 -6.976410872790583
6.890000000000001 -6.834446767494728
6.9 -6.694372704003558
6.91 -6.731882178317677
6.92 -6.883748864252963
6.93 -7.117998951318439
6.94 -7.095635850035822
6.95 -7.181229901893105
6.96 -7.052711971812107
6.97 -6.748432059627488
6.98 -6.714779777574984
6.99 -6.736963984147927
7.0 -6.974730446120239
7.01 -7.022612564382061
7.0200000000000005 -6.9686702060993095
7.03 -7.034196192566659
7.04 -6.939091657759092
7.05 -7.050171644165378
7.0600000000000005 -7.06971525836215
7.07 -6.996531918652545
7.08 -7.182052320080489
7.09 -7.326490075317349
7.1000000000000005 -7.42214837348872
7.11 -7.323850215851188
7.12 -7.187108188525172
7.13 -7.187586058859446
7.140000000000001 -7.071796682951021
7.15 -7.005904384289092
7.16 -7.189705152121664
7.17 -7.244829758661689
7.18 -7.289397390265497
7.19 -7.257171144823749
7.2 -7.103408991373322
7.21 -6.982013927955555
7.22 -6.962754049173024
7.23 -6.983766518875433
7.24 -6.965473641341361
7.25 -6.931510654888575
7.26 -6.983368887102322
7.2700000000000005 -7.070537283453515
7.28 -6.967984432191351
7.29 -7.055255050084321
7.3 -6.8778423213068445
7.3100000000000005 -6.657273860051549
7.32 -6.413996129356642
7.33 -6.467135840701235
7.34 -6.4066037648694145
7.3500000000000005 -6.393663385001363
7.36 -6.435393411992481
7.37 -6.528810933554547
7.38 -6.706810873630001
7.390000000000001 -6.594182499271553
7.4 -6.637047293757065
7.41 -6.621126876984509
7.42 -6.5979719073656815
7.43 -6.5376351384432505
7.44 -6.4918202828885105
7.45 -6.253674388643153
7.46 -6.452296527733174
7.47 -6.452906410062433
7.48 -6.3447998583846035
7.49 -6.298746738634473
7.5 -6.5164630076950285
7.51 -6.45663136667494
7.5200000000000005 -6.4524954702505
7.53 -6.0253485805289575
7.54 -6.020207921154121
7.55 -6.2429487808644915
7.5600000000000005 -6.234850325604255
7.57 -6.3507303856646535
7.58 -6.2619123582557945
7.59 -6.119739115513254
7.6000000000000005 -6.104597976653582
7.61 -6.203987239273023
7.62 -6.299161507815787
7.63 -6.1641019811161435
7.640000000000001 -6.090040174881328
7.65 -6.090743529870248
7.66 -6.037669317286758
7.67 -5.872166328340563
7.68 -5.750061932920564
7.69 -5.489542570136817
7.7 -5.825260000799039
7.71 -5.896008301028586
7.72 -5.901081737113781
7.73 -5.899369582129891
7.74 -5.906239483207318
7.75 -5.901735011927646
7.76 -5.876341954359612
7.7700000000000005 -6.164156002868341
7.78 -6.173624175027825
7.79 -6.178974428928391
7.8 -6.1593019349645
7.8100000000000005 -6.127456988375547
7.82 -6.1090698249062125
7.83 -6.064901437048401
7.84 -5.876991091517954
7.8500000000000005 -5.768187792926957
7.86 -5.755834258966339
7.87 -5.7611166240930265
7.88 -5.779143711762523
7.890000000000001 -5.730905637515736
7.9 -5.708653545291161
7.91 -5.7127864293818496
7.92 -5.834094337390801
7.930000000000001 -6.078639734685275
7.94 -6.154201711878624
7.95 -6.3487917745620255
7.96 -6.4953291225129375
7.97 -6.374504993923168
7.98 -6.296581939947836
7.99 -6.081912512988422
8.0 -6.034799378250298
8.01 -6.024144776940483
8.02 -6.0039136469919265
8.03 -6.009819303920781
8.040000000000001 -6.029802199030435
8.05 -6.024976822859288
8.06 -5.884823243691013
8.07 -5.732143505033547
8.08 -5.864430236651292
8.09 -6.041827629362593
8.1 -6.0191914451161335
8.11 -5.994600714209311
8.120000000000001 -6.06687749463881
8.13 -6.104611072120145
8.14 -6.08007144101183
8.15 -5.879404087942434
8.16 -6.028941516705809
8.17 -6.136965887685717
8.18 -6.277802670955502
8.19 -5.973744388308706
8.2 -5.9307853205745955
8.21 -5.974235301447701
8.22 -6.035526068410706
8.23 -5.893094885485905
8.24 -5.806330030456933
8.25 -5.699786649782622
8.26 -5.739826506368624
8.27 -5.683339262525564
8.28 -5.703151286643372
8.290000000000001 -5.711278316261245
8.3 -6.019833127731169
8.31 -5.953790148843762
8.32 -6.130666821712208
8.33 -6.125817290765522
8.34 -6.124290864242461
8.35 -6.212901026867953
8.36 -6.125668588502534
8.370000000000001 -6.038761800473968
8.38 -6.009445170312306
8.39 -6.060624808654792
8.4 -6.233819624626246
8.41 -6.427782356662625
8.42 -6.607889598834311
8.43 -6.619593301675833
8.44 -6.6106827116464455
8.45 -6.312760717836658
8.46 -6.0995146527782005
8.47 -6.163741306032548
8.48 -6.24276905582359
8.49 -6.169422819182458
8.5 -6.686575972098578
8.51 -6.7020704136184985
8.52 -6.635848597925786
8.53 -6.328178324914957
8.540000000000001 -6.391795257038668
8.55 -6.332874987396203
8.56 -6.444736052903639
8.57 -6.329165669284862
8.58 -6.425644098105396
8.59 -6.446487356635285
8.6 -6.518345171654655
8.61 -6.428011930766731
8.620000000000001 -6.536922379181362
8.63 -6.613644255387334
8.64 -6.808260496151562
8.65 -7.164939298476486
8.66 -7.256890725322515
8.67 -7.292768170198586
8.68 -7.186134731504356
8.69 -6.825908312513988
8.700000000000001 -6.829576685730143
8.71 -6.787359116015312
8.72 -7.04409828553048
8.73 -7.024443309772982
8.74 -6.672084306555375
8.75 -6.602838523817419
8.76 -6.849394965139325
8.77 -7.233366060841047
8.78 -7.118759205472051
8.790000000000001 -7.036724251758537
8.8 -6.72245166192207
8.81 -6.625247809332861
8.82 -6.85676664527564
8.83 -6.958960350594287
8.84 -6.824340342706469
8.85 -6.622267337930293
8.86 -6.5996429186916465
8.870000000000001 -6.687133578359137
8.88 -7.0214289876864555
8.89 -6.983309678150265
8.9 -7.0673338670041375
8.91 -7.005459408133078
8.92 -6.8187456748613995
8.93 -6.7625631500095995
8.94 -6.787243325347143
8.950000000000001 -6.973952190118072
8.96 -7.075662147516104
8.97 -7.045331926747305
8.98 -7.074849558097786
8.99 -6.964718123859569
9.0 -7.0513251065198865
9.01 -7.006776887535038
9.02 -7.02918770274082
9.03 -7.167953543913998
9.040000000000001 -7.304642005755422
9.05 -7.372502287562104
9.06 -7.27970087662334
9.07 -7.062678949417821
9.08 -6.9638855048069095
9.09 -7.036927690843613
9.1 -6.928960728643305
9.11 -7.107557386769985
9.120000000000001 -7.235673220747797
9.13 -7.268977647918648
9.14 -7.242047923120671
9.15 -7.0877789706183965
9.16 -6.963476171139125
9.17 -6.991985380893762
9.18 -6.952658768291459
9.19 -6.943373529461549
9.200000000000001 -6.939348333851185
9.21 -7.0257996506798746
9.22 -7.0572767089954
9.23 -6.992850382354269
9.24 -7.096508530890864
9.25 -6.978728894658265
9.26 -6.654698195220708
9.27 -6.454448848182143
9.28 -6.447734526471038
9.290000000000001 -6.415591299391909
9.3 -6.335454989957316
9.31 -6.328350371574277
9.32 -6.518275770596494
9.33 -6.607059922447836
9.34 -6.580150040024949
9.35 -6.554814498982004
9.36 -6.57920082918149
9.370000000000001 -6.610802495849112
9.38 -6.549854792268221
9.39 -6.5092897755074
9.4 -6.500581452907844
9.41 -6.420693265627819
9.42 -6.48574021736124
9.43 -6.628141864276201
9.44 -6.510081168019672
9.450000000000001 -6.447791311656422
9.46 -6.301194782540228
9.47 -6.290176810693358
9.48 -6.011791917388555
9.49 -5.91708773088722
9.5 -6.041846253492956
9.51 -6.1014543577613605
9.52 -6.031151589457892
9.53 -5.888887376647561
9.540000000000001 -5.893855543138192
9.55 -5.903598003131257
9.56 -6.217879999496268
9.57 -6.341940791300805
9.58 -6.321355967440773
9.59 -6.2965266210390975
9.6 -6.274970620016972
9.61 -6.324548783827913
9.620000000000001 -6.289873748004392
9.63 -6.188707145816455
9.64 -5.985265982928269
9.65 -5.957980031400165
9.66 -5.942282181963271
9.67 -5.916673171462313
9.68 -5.906094600371923
9.69 -5.892346359040263
9.700000000000001 -5.860217404476213
9.71 -5.857381072596186
9.72 -6.117306293006763
9.73 -6.135759797069013
9.74 -6.172726862308667
9.75 -6.1489742435433055
9.76 -6.151028378792684
9.77 -6.201574506390363
9.78 -6.136887004061928
9.790000000000001 -6.003875835921943
9.8 -5.836314827762871
9.81 -5.847460432438171
9.82 -5.836413953243055
9.83 -5.826905990987421
9.84 -5.777133418750902
9.85 -5.743475648811521
9.86 -5.698651574735915
9.870000000000001 -5.7049647440370155
9.88 -5.965153427333553
9.89 -5.957878481680589
9.9 -6.256249106423868
9.91 -6.350877153083098
9.92 -6.323496865657714
9.93 -6.319989481770226
9.94 -6.103362651394415
9.950000000000001 -6.110430375598346
9.96 -6.110011196735066
9.97 -6.131921731624683
9.98 -6.135427093763676
9.99 -6.103164228361708
10.0 -6.082303555566241
10.01 -5.953538593917413
10.02 -5.720754394414708
10.03 -5.958180987308041
10.040000000000001 -6.023227125930431
10.05 -6.127821146331205
10.06 -6.151775441116494
10.07 -6.20316132121268
10.08 -6.22497062043046
10.09 -6.237646478231101
10.1 -6.264806045123842
10.11 -6.281779638209443
10.120000000000001 -6.333459114919906
10.13 -6.449893013027879
10.14 -6.435083011484794
10.15 -6.409981687341867
10.16 -6.279074540310174
10.17 -6.354727391878145
10.18 -6.242963137191487
10.19 -6.2147313954904915
10.200000000000001 -6.375896138580984
10.21 -6.445534186953908
10.22 -6.373223251286197
10.23 -6.26797297542395
10.24 -6.197829363795664
10.25 -6.457016521056244
10.26 -6.667451507328241
10.27 -6.507225798024679
10.28 -6.489567703046023
10.290000000000001 -6.719358347093948
10.3 -6.55549442828606
10.31 -6.190223084432242
10.32 -6.332394772118731
10.33 -6.339130782141597
10.34 -6.2857398259758375
10.35 -6.239519177068644
10.36 -6.48469393386849
10.370000000000001 -6.656813194919299
10.38 -6.735474979120237
10.39 -6.7913338670018515
10.4 -6.466168964007129
10.41 -6.290305262392845
10.42 -6.127521816719962
10.43 -6.193677054247167
10.44 -6.312598398752267
10.450000000000001 -6.555967258922837
10.46 -6.58976854643088
10.47 -6.605169871219422
10.48 -6.274471563535221
10.49 -6.227620067387041
10.5 -6.334310232485654
10.51 -6.254275240374552
10.52 -6.168754905431459
10.53 -6.288420470412865
10.540000000000001 -6.125631086951423
10.55 -6.332520780766899
10.56 -5.84739967039093
10.57 -6.005788065831178
10.58 -5.741163746111371
10.59 -5.8945134193631095
10.6 -6.383865721914668
10.61 -6.195161056276906
10.620000000000001 -6.375761637426546
10.63 -6.198131920526923
10.64 -6.051815977311646
10.65 -6.058954324220175
10.66 -5.919849727881332
10.67 -6.353980912844962
10.68 -6.474318345772956
10.69 -6.436805710236746
10.700000000000001 -6.2815991922287555
10.71 -6.374641364415712
10.72 -6.772293092314836
10.73 -6.84674434054768
10.74 -6.845890267033221
10.75 -6.429287077657335
10.76 -6.186224548870468
10.77 -6.448872341048876
10.78 -6.644336423892365
10.790000000000001 -6.596795209287286
10.8 -6.312836671199477
10.81 -6.365709644762476
10.82 -6.448135590078599
10.83 -6.84381710394099
10.84 -6.787424299482118
10.85 -6.854331780064629
10.86 -6.848877284175258
10.870000000000001 -6.6360169826459385
10.88 -6.502392994873658
10.89 -6.4810601113766895
10.9 -6.633540134403328
10.91 -6.796447553443421
10.92 -6.790744082335107
10.93 -6.841010771861071
10.94 -6.750840191368363
10.950000000000001 -6.791346304239684
10.96 -6.880108857836798
10.97 -6.86195099537782
10.98 -6.931353053906996
10.99 -7.17684597962162
11.0 -7.169784880447845
11.01 -7.170943095976984
11.02 -6.912931219465877
11.03 -6.99307302119824
11.040000000000001 -6.955569584205958
11.05 -6.876850818184549
11.06 -6.8589145720681275
11.07 -7.005804036810096
11.08 -7.001648486714088
11.09 -6.989541196632795
11.1 -6.944378882197454
11.11 -6.813632713531651
11.120000000000001 -6.834998178384529
11.13 -6.892661737020711
11.14 -6.883623739656716
11.15 -6.757832303691027
11.16 -6.884587393690243
11.17 -6.931285104767048
11.18 -6.845434370826743
11.19 -6.974323363605266
11.200000000000001 -6.956196169420103
11.21 -6.655560381874746
11.22 -6.358728275292503
11.23 -6.4592478352534
11.24 -6.405294513524007
11.25 -6.463211027192405
11.26 -6.434684180666794
11.27 -6.531737165068851
11.28 -6.61344549927716
11.290000000000001 -6.596830553762567
11.3 -6.699718354456311
11.31 -6.79837464523166
11.32 -6.766357556248114
11.33 -6.696230332448699
11.34 -6.482615653587696
11.35 -6.529280677248317
11.36 -6.490466793591066
11.370000000000001 -6.547166953276534
11.38 -6.533717543532725
11.39 -6.421275600973054
11.4 -6.36799977497325
11.41 -6.366495421695511
11.42 -6.222098700034134
11.43 -6.0968487140475345
11.44 -5.930284253786254
11.450000000000001 -6.172944314290903
11.46 -6.218691038618103
11.47 -6.208151243902268
11.48 -6.205134396478473
11.49 -6.064018352338994
11.5 -6.0285582939943
11.51 -5.871841634186645
11.52 -5.8583398349897156
11.53 -5.881752424963751
11.540000000000001 -5.930961911855593
11.55 -5.820632467224666
11.56 -5.899792570144166
11.57 -5.817796619537701
11.58 -5.756194915752549
11.59 -5.891884065805511
11.6 -5.7500721057337785
11.61 -5.891694324068401
11.620000000000001 -5.976497379676775
11.63 -5.98419874674228
11.64 -5.964853734391346
11.65 -5.893652900666777
11.66 -5.822744156653637
11.67 -6.017307357860501
11.68 -6.114068679633762
11.69 -6.1996182212346325
11.700000000000001 -6.232322704805064
11.71 -6.14817614841576
11.72 -6.06259748248601
11.73 -5.993414751739991
11.74 -5.999515501804806
11.75 -5.792183722556192
11.76 -5.818804132586375
11.77 -5.846796242559815
11.78 -5.864914483569001
11.790000000000001 -5.873297018953689
11.8 -5.823213692849459
11.81 -5.785063956314007
11.82 -5.743590803420645
11.83 -5.941853078296022
11.84 -6.01633935639158
11.85 -6.24919676776162
11.86 -6.330516181108183
11.870000000000001 -6.2979795751609
11.88 -6.322513344301697
11.89 -6.124194263089201
11.9 -5.988346039975994
11.91 -5.861585072678978
11.92 -5.902379719708827
11.93 -5.842018439918489
11.94 -5.898625752946282
11.950000000000001 -5.92092005006169
11.96 -5.884877382107706
11.97 -5.711547429336339
11.98 -5.735789555550922
11.99 -5.882439985457264
12.0 -5.907572169197545
12.01 -5.991242495601409
12.02 -5.959571471516778
12.030000000000001 -5.880414317815191
12.040000000000001 -5.937329766498799
12.05 -6.096174654579937
12.06 -6.1670173921178595
12.07 -5.951596476718906
12.08 -5.9672054042592535
12.09 -6.133658441103485
12.1 -6.2158024159000345
12.11 -6.065069840597922
12.120000000000001 -5.9341655459427685
12.13 -6.105060159737517
12.14 -6.066952831435762
12.15 -5.572976271746622
12.16 -5.4532371781996565
12.17 -5.563166439991929
12.18 -5.834805979157186
12.19 -5.743141103103421
12.200000000000001 -5.83399954012104
12.21 -5.897397748707348
12.22 -6.085538605701219
12.23 -5.963778252404012
12.24 -6.092702993102504
12.25 -6.094855766477559
12.26 -5.964482128076934
12.27 -6.1381382182481845
12.280000000000001 -6.063942143840772
12.290000000000001 -5.959618483477442
12.3 -6.170552350940291
12.31 -6.335095936268535
12.32 -6.4873525082998595
12.33 -6.497705859465645
12.34 -6.582739101913199
12.35 -6.455787152781685
12.36 -6.3159579451123165
12.370000000000001 -6.387028279760654
12.38 -6.417394119743619
12.39 -6.396551507121349
12.4 -6.478573513956629
12.41 -6.437305669650747
12.42 -6.696392068059492
12.43 -6.5388933318154905
12.44 -6.4531339171157
12.450000000000001 -6.399081752871692
12.46 -6.367878248567125
12.47 -6.267980259292373
12.48 -6.380061805985895
12.49 -6.315075027241285
12.5 -6.311946970081031
12.51 -6.181737113101272
12.52 -6.099840435416429
12.530000000000001 -6.347312884657982
12.540000000000001 -6.499424364040592
12.55 -6.830672812537054
12.56 -7.107559848180427
12.57 -7.006517603387731
12.58 -7.1870792505697905
12.59 -6.761653483671947
12.6 -6.867067317134192
12.61 -6.839392394366895
12.620000000000001 -7.017024712699197
12.63 -7.0522058793722024
12.64 -6.838680920802217
12.65 -6.661137061331846
12.66 -6.849439325236205
12.67 -7.161003209320215
12.68 -7.241693383567395
12.69 -7.19169461359367
12.700000000000001 -6.840506132955537
12.71 -6.674404454737947
12.72 -6.730238258007819
12.73 -6.989121986966176
12.74 -7.012174595966603
12.75 -6.732280079944105
12.76 -6.732810711564243
12.77 -6.723526826314049
12.780000000000001 -7.008789003286929
12.790000000000001 -7.120735289809346
12.8 -7.181536042914342
12.81 -7.1685847474705575
12.82 -6.970355428260094
12.83 -6.730967326774502
12.84 -6.75796195344637
12.85 -6.800691672905268
12.86 -7.069611892848118
12.870000000000001 -7.049570166777012
12.88 -7.070828625748681
12.89 -6.95635606042491
12.9 -7.018180802585591
12.91 -6.929792966092316
12.92 -6.952938353155462
12.93 -7.014134221786638
12.94 -7.177944086812418
12.950000000000001 -7.258868402226342
12.96 -7.398345128001746
12.97 -7.048933390322904
12.98 -7.07466630275999
12.99 -7.01584379334585
13.0 -6.9118119206031015
13.01 -7.012266731708753
13.02 -7.193403756111233
13.030000000000001 -7.242968104037425
13.040000000000001 -7.258995108692752
13.05 -7.16424302698351
13.06 -7.035886408304409
13.07 -7.000601691193422
13.08 -7.038084115053969
13.09 -7.067904942001311
13.1 -6.870216755507906
13.11 -7.000160127724298
13.120000000000001 -7.119346785904401
13.13 -7.050006647709883
13.14 -6.970652633529218
13.15 -7.052508910627431
13.16 -6.746764352703314
13.17 -6.409818041097184
13.18 -6.381088089596428
13.19 -6.386083178470806
13.200000000000001 -6.444842947583669
13.21 -6.356688847646965
13.22 -6.43738709873187
13.23 -6.481763550251916
13.24 -6.597084224528802
13.25 -6.493895713569603
13.26 -6.440299604069894
13.27 -6.539255116803145
13.280000000000001 -6.681927161308827
13.290000000000001 -6.71298799528103
13.3 -6.604061784281072
13.31 -6.648766206427481
13.32 -6.563197585489281
13.33 -6.664759054639045
13.34 -6.727849516881492
13.35 -6.676153615853363
13.36 -6.719695450614327
13.370000000000001 -6.566767390963656
13.38 -6.569357573588137
13.39 -6.315066604096728
13.4 -6.4182424404877
13.41 -6.475354092595563
13.42 -6.562912346938763
13.43 -6.48101080025899
13.44 -6.530994222730391
13.450000000000001 -6.443675446100585
13.46 -6.459172389496881
13.47 -6.371522245956357
13.48 -6.447997179999156
13.49 -6.468164177360613
13.5 -6.495209635482846
13.51 -6.49380507387508
13.52 -6.3571994382131045
13.530000000000001 -6.386504793755481
13.540000000000001 -6.038354140298203
13.55 -5.909884671546286
13.56 -5.716230777442653
13.57 -5.741123145885402
13.58 -5.708045267094719
13.59 -5.603931039902338
13.6 -5.532544867342375
13.61 -5.54985680445585
13.620000000000001 -5.749703010019089
13.63 -5.80478475509359
13.64 -5.880359805857292
13.65 -5.909468933910846
13.66 -5.8355313971051945
13.67 -5.99894497403704
13.68 -5.869312739374808
13.69 -5.74519465922087
13.700000000000001 -5.786523533283944
13.71 -5.764696234879876
13.72 -5.614255919805751
13.73 -5.573689699394802
13.74 -5.679764693528623
13.75 -5.740988569443868
13.76 -5.814409934650234
13.77 -5.854581311239138
13.780000000000001 -6.019318317733355
13.790000000000001 -6.132839120113709
13.8 -6.3285736448347025
13.81 -6.431621076874612
13.82 -6.445562144835633
13.83 -6.40309787903458
13.84 -6.262910047185685
13.85 -6.081206311361771
13.86 -6.033672767899749
13.870000000000001 -6.013661129921444
13.88 -6.017776561589434
13.89 -6.137310990358285
13.9 -6.180899059668536
13.91 -6.133892560114895
13.92 -5.873862817714548
13.93 -5.991125853194485
13.94 -6.028612380831379
13.950000000000001 -6.047020173457628
13.96 -6.015284224468472
13.97 -6.090679924104776
13.98 -6.225934943295557
13.99 -6.313900695413639
14.0 -6.184334109938188
14.01 -6.126356093980796
14.02 -6.254904375621682
14.030000000000001 -6.302898559071975
14.040000000000001 -6.44498679740238
14.05 -6.482502502538068
14.06 -6.366816424556563
14.07 -6.00334488264921
14.08 -6.280347363403192
14.09 -6.401168342754661
14.1 -6.086889505313518
14.11 -6.092187151322945
14.120000000000001 -5.9946711984766345
14.13 -5.942506389638031
14.14 -5.9220672934754175
14.15 -6.148292887137083
14.16 -6.411304838997051
14.17 -6.332006786840297
14.18 -6.513223070378042
14.19 -6.466922192419541
14.200000000000001 -6.516202017413312
14.21 -6.181863235482364
14.22 -6.319775914950598
14.23 -6.45232086088987
14.24 -6.492754694908585
14.25 -6.408382397063008
14.26 -6.5305029253851075
14.27 -6.6192692172079015
14.280000000000001 -6.621356140909503
14.290000000000001 -6.631605802570742
14.3 -6.570436316540465
14.31 -6.3518913236097845
14.32 -6.394844432491091
14.33 -6.345816527872714
14.34 -6.325029852313805
14.35 -6.495119287323204
14.36 -6.726827157094638
14.370000000000001 -6.716790058208825
14.38 -6.42435896241825
14.39 -6.340652169064199
14.4 -6.303154182393386
14.41 -6.336912227330484
14.42 -6.126753186435593
14.43 -6.089057838559266
14.44 -6.073547110919452
14.450000000000001 -6.075728626216464
14.46 -5.959219015641192
14.47 -5.87554165987888
14.48 -5.8247437264946225
14.49 -5.905967859594103
14.5 -6.158491765491123
14.51 -6.431183398207076
14.52 -6.390139401999758
14.530000000000001 -6.4501892866302155
14.540000000000001 -6.073086843395994
14.55 -5.969059332070481
14.56 -6.0083617710170305
14.57 -6.283562916407576
14.58 -6.478291075637295
14.59 -6.406959793687738
14.6 -6.175059553023794
14.61 -6.3072836108793835
14.620000000000001 -6.738530854434237
14.63 -6.8562588500522486
14.64 -6.877619761328461
14.65 -6.551378968518445
14.66 -6.326226097496313
14.67 -6.449204368817642
14.68 -6.740464397938607
14.69 -6.710542973640338
14.700000000000001 -6.4072975811083355
14.71 -6.419223949396377
14.72 -6.461376544690844
14.73 -6.681258426586463
14.74 -6.779185832159561
14.75 -6.81139203767021
14.76 -6.874176466087077
14.77 -6.713998984503461
14.780000000000001 -6.473659860703065
14.790000000000001 -6.490870621717984
14.8 -6.514703260259491
14.81 -6.772485279301004
14.82 -6.81035921586947
14.83 -6.82125321697772
14.84 -6.809333982965202
14.85 -6.835489179670741
14.86 -6.88978740741346
14.870000000000001 -6.885753097382636
14.88 -6.873717631314218
14.89 -7.136267462739721
14.9 -7.178614841669182
14.91 -7.328231399131378
14.92 -6.8274170404333026
14.93 -6.992123027028615
14.94 -6.817430449873921
14.950000000000001 -6.795350376618714
14.96 -6.911150094348828
14.97 -7.060644724675633
14.98 -7.186090546884527
14.99 -7.127484604765399
15.0 -7.140188580575823
15.01 -6.990326872223418
15.02 -6.883214653261368
15.030000000000001 -6.825461992916246
15.040000000000001 -6.888356948171654
15.05 -6.927305384118718
15.06 -6.983188736355588
15.07 -7.107626975138327
15.08 -7.052178203370577
15.09 -7.050920746325649
15.1 -7.102170297369143
15.11 -6.647586946179125
15.120000000000001 -6.464711350892702
15.13 -6.434599232958022
15.14 -6.28825506858542
15.15 -6.168531655990408
15.16 -6.2178121300146545
15.17 -6.3595898969720235
15.18 -6.558391879879427
15.19 -6.734197157568207
15.200000000000001 -6.655068729745013
15.21 -6.706069289925727
15.22 -6.570868915151646
15.23 -6.540730028656684
15.24 -6.6581222392577954
15.25 -6.66014436458318
15.26 -6.683022577864728
15.27 -6.644997597596919
15.280000000000001 -6.308865297401357
15.290000000000001 -6.44631673210973
15.3 -6.3184982483072725
15.31 -6.380765414423472
15.32 -6.501652398593113
15.33 -6.3246648657890185
15.34 -5.937322912026532
15.35 -6.110384795822467
15.36 -6.262283898394025
15.370000000000001 -6.225211814884196
15.38 -6.3459104634777415
15.39 -6.384406209992283
15.4 -6.284615697423428
15.41 -6.262539464776864
15.42 -6.229965864974778
15.43 -6.307422938018678
15.44 -6.336341673958146
15.450000000000001 -6.371335310210573
15.46 -6.409572757056741
15.47 -6.279064050168069
15.48 -6.2338516971183395
15.49 -5.935917523675107
15.5 -5.938752369236931
15.51 -5.893245762151098
15.52 -5.892824309627201
15.530000000000001 -5.776424648876695
15.540000000000001 -5.75726172385702
15.55 -5.66987190873911
15.56 -5.641980426178892
15.57 -5.793663327573923
15.58 -5.771101842066102
15.59 -5.819662002132156
15.6 -5.891500709472045
15.610000000000001 -6.160663206043694
15.620000000000001 -5.858344584044697
15.63 -5.801543230970384
15.64 -5.886917844371934
15.65 -5.570592351574156
15.66 -5.502688874331243
15.67 -5.548613089108106
15.68 -5.659590106659761
15.69 -5.728458667213097
15.700000000000001 -5.70228872767154
15.71 -5.61223635296661
15.72 -5.622164967162603
15.73 -5.883466940107662
15.74 -6.079368834683795
15.75 -6.241898007945465
15.76 -6.467135956703848
15.77 -6.343028241232006
15.780000000000001 -6.172198853941264
15.790000000000001 -6.044456128101485
15.8 -5.928644960133615
15.81 -5.9690911976047225
15.82 -6.033901525078593
15.83 -6.141086386522573
15.84 -6.107060733320966
15.85 -6.115503149646181
15.860000000000001 -6.128792864808552
15.870000000000001 -6.10603636293813
15.88 -6.205500052607611
15.89 -6.630406297981068
15.9 -6.459529534714162
15.91 -6.336286209025599
15.92 -6.410058172470291
15.93 -6.456438452047307
15.94 -6.369920066723597
15.950000000000001 -5.918888241696774
15.96 -6.246024848972245
15.97 -6.440932502625557
15.98 -6.284616157143326
15.99 -6.188410722482534
16.0 -6.122489457255106
