     0.000    -0.857    -0.000     0.857     0.000
     0.010    -0.857    -0.011     0.857     5.035
     0.020    -0.857    -0.021     0.857     5.037
     0.030    -0.856    -0.032     0.857     5.040
     0.040    -0.855    -0.042     0.856     5.045
     0.050    -0.854    -0.053     0.855     5.051
     0.060    -0.852    -0.064     0.855     5.058
     0.070    -0.851    -0.074     0.854     5.068
     0.080    -0.849    -0.085     0.853     5.079
     0.090    -0.846    -0.095     0.852     5.091
     0.100    -0.844    -0.106     0.851     5.105
     0.110    -0.841    -0.116     0.849     5.120
     0.120    -0.838    -0.127     0.848     5.138
     0.130    -0.835    -0.137     0.846     5.156
     0.140    -0.831    -0.147     0.844     5.176
     0.150    -0.827    -0.157     0.842     5.198
     0.160    -0.823    -0.168     0.840     5.221
     0.170    -0.819    -0.178     0.838     5.246
     0.180    -0.814    -0.188     0.836     5.273
     0.190    -0.809    -0.198     0.833     5.301
     0.200    -0.804    -0.208     0.831     5.331
     0.210    -0.799    -0.218     0.828     5.362
     0.220    -0.793    -0.228     0.825     5.395
     0.230    -0.787    -0.238     0.822     5.430
     0.240    -0.781    -0.247     0.819     5.466
     0.250    -0.774    -0.257     0.816     5.504
     0.260    -0.767    -0.266     0.812     5.543
     0.270    -0.760    -0.276     0.809     5.585
     0.280    -0.753    -0.285     0.805     5.627
     0.290    -0.745    -0.294     0.801     5.672
     0.300    -0.737    -0.303     0.797     5.718
     0.310    -0.729    -0.312     0.793     5.767
     0.320    -0.721    -0.321     0.789     5.816
     0.330    -0.712    -0.330     0.784     5.868
     0.340    -0.703    -0.338     0.780     5.922
     0.350    -0.693    -0.347     0.775     5.977
     0.360    -0.684    -0.355     0.770     6.034
     0.370    -0.674    -0.363     0.765     6.093
     0.380    -0.664    -0.371     0.760     6.154
     0.390    -0.653    -0.379     0.755     6.217
     0.400    -0.642    -0.387     0.750     6.282
     0.410    -0.631    -0.394     0.744     6.350
     0.420    -0.620    -0.402     0.738     6.419
     0.430    -0.608    -0.409     0.733     6.490
     0.440    -0.596    -0.416     0.727     6.564
     0.450    -0.584    -0.422     0.720     6.639
     0.460    -0.571    -0.429     0.714     6.717
     0.470    -0.558    -0.435     0.708     6.798
     0.480    -0.545    -0.441     0.701     6.881
     0.490    -0.531    -0.447     0.694     6.966
     0.500    -0.518    -0.452     0.687     7.054
     0.510    -0.503    -0.458     0.680     7.145
     0.520    -0.489    -0.462     0.673     7.238
     0.530    -0.474    -0.467     0.666     7.334
     0.540    -0.459    -0.472     0.658     7.433
     0.550    -0.444    -0.476     0.651     7.535
     0.560    -0.428    -0.479     0.643     7.640
     0.570    -0.412    -0.483     0.635     7.748
     0.580    -0.396    -0.486     0.627     7.860
     0.590    -0.379    -0.488     0.618     7.975
     0.600    -0.362    -0.490     0.610     8.094
     0.610    -0.345    -0.492     0.601     8.217
     0.620    -0.328    -0.494     0.592     8.343
     0.630    -0.310    -0.494     0.583     8.473
     0.640    -0.292    -0.495     0.574     8.608
     0.650    -0.273    -0.495     0.565     8.747
     0.660    -0.254    -0.494     0.556     8.890
     0.670    -0.235    -0.493     0.546     9.039
     0.680    -0.216    -0.491     0.537     9.192
     0.690    -0.196    -0.489     0.527     9.350
     0.700    -0.177    -0.486     0.517     9.514
     0.710    -0.156    -0.482     0.507     9.683
     0.720    -0.136    -0.478     0.497     9.858
     0.730    -0.116    -0.472     0.486    10.039
     0.740    -0.095    -0.466     0.476    10.226
     0.750    -0.074    -0.460     0.466    10.419
     0.760    -0.053    -0.452     0.455    10.619
     0.770    -0.032    -0.443     0.444    10.826
     0.780    -0.011    -0.434     0.434    11.039
     0.790     0.011    -0.423     0.423    11.259
     0.800     0.032    -0.411     0.413    11.485
     0.810     0.053    -0.399     0.402    11.718
     0.820     0.074    -0.385     0.392    11.957
     0.830     0.095    -0.369     0.381    12.202
     0.840     0.115    -0.353     0.371    12.451
     0.850     0.135    -0.335     0.361    12.704
     0.860     0.154    -0.316     0.351    12.960
     0.870     0.173    -0.295     0.342    13.216
     0.880     0.191    -0.273     0.333    13.471
     0.890     0.208    -0.249     0.325    13.721
     0.900     0.224    -0.224     0.317    13.964
     0.910     0.238    -0.198     0.310    14.194
     0.920     0.251    -0.170     0.303    14.409
     0.930     0.262    -0.142     0.298    14.603
     0.940     0.271    -0.112     0.293    14.771
     0.950     0.278    -0.081     0.290    14.909
     0.960     0.283    -0.050     0.287    15.012
     0.970     0.285    -0.018     0.286    15.076
     0.980     0.285     0.014     0.286    15.100
     0.990     0.283     0.045     0.287    15.082
     1.000     0.279     0.077     0.289    15.024
     1.010     0.272     0.107     0.293    14.927
     1.020     0.263     0.137     0.297    14.794
     1.030     0.252     0.166     0.302    14.630
     1.040     0.240     0.194     0.309    14.439
     1.050     0.226     0.221     0.316    14.227
     1.060     0.210     0.246     0.323    13.999
     1.070     0.194     0.269     0.332    13.758
     1.080     0.176     0.292     0.341    13.508
     1.090     0.157     0.313     0.350    13.254
     1.100     0.138     0.332     0.360    12.998
     1.110     0.118     0.350     0.370    12.742
     1.120     0.098     0.367     0.380    12.489
     1.130     0.077     0.382     0.390    12.238
     1.140     0.056     0.397     0.401    11.993
     1.150     0.035     0.410     0.411    11.753
     1.160     0.014     0.421     0.422    11.519
     1.170    -0.007     0.432     0.432    11.292
     1.180    -0.029     0.442     0.443    11.071
     1.190    -0.050     0.451     0.453    10.857
     1.200    -0.071     0.459     0.464    10.650
     1.210    -0.092     0.466     0.474    10.449
     1.220    -0.113     0.472     0.485    10.254
     1.230    -0.133     0.477     0.495    10.066
     1.240    -0.153     0.481     0.505     9.885
     1.250    -0.174     0.485     0.515     9.709
     1.260    -0.193     0.488     0.525     9.539
     1.270    -0.213     0.491     0.535     9.374
     1.280    -0.232     0.493     0.545     9.215
     1.290    -0.252     0.494     0.554     9.061
     1.300    -0.270     0.495     0.564     8.912
     1.310    -0.289     0.495     0.573     8.768
     1.320    -0.307     0.495     0.582     8.628
     1.330    -0.325     0.494     0.591     8.493
     1.340    -0.342     0.492     0.600     8.362
     1.350    -0.360     0.491     0.608     8.235
     1.360    -0.377     0.489     0.617     8.112
     1.370    -0.393     0.486     0.625     7.993
     1.380    -0.410     0.483     0.633     7.877
     1.390    -0.426     0.480     0.641     7.765
     1.400    -0.442     0.476     0.649     7.656
     1.410    -0.457     0.472     0.657     7.550
     1.420    -0.472     0.468     0.665     7.448
     1.430    -0.487     0.463     0.672     7.348
     1.440    -0.501     0.458     0.679     7.252
     1.450    -0.516     0.453     0.686     7.158
     1.460    -0.529     0.448     0.693     7.067
     1.470    -0.543     0.442     0.700     6.979
     1.480    -0.556     0.436     0.707     6.893
     1.490    -0.569     0.430     0.713     6.810
     1.500    -0.582     0.423     0.719     6.729
     1.510    -0.594     0.417     0.726     6.651
     1.520    -0.606     0.410     0.732     6.575
     1.530    -0.618     0.403     0.738     6.501
     1.540    -0.629     0.395     0.743     6.429
     1.550    -0.641     0.388     0.749     6.360
     1.560    -0.651     0.380     0.754     6.292
     1.570    -0.662     0.372     0.760     6.227
     1.580    -0.672     0.364     0.765     6.164
     1.590    -0.682     0.356     0.770     6.102
     1.600    -0.692     0.348     0.775     6.043
     1.610    -0.701     0.340     0.779     5.985
     1.620    -0.710     0.331     0.784     5.930
     1.630    -0.719     0.322     0.788     5.876
     1.640    -0.728     0.314     0.792     5.824
     1.650    -0.736     0.305     0.797     5.774
     1.660    -0.744     0.296     0.801     5.725
     1.670    -0.752     0.286     0.804     5.679
     1.680    -0.759     0.277     0.808     5.634
     1.690    -0.766     0.268     0.812     5.591
     1.700    -0.773     0.258     0.815     5.549
     1.710    -0.780     0.249     0.818     5.510
     1.720    -0.786     0.239     0.822     5.471
     1.730    -0.792     0.229     0.825     5.435
     1.740    -0.798     0.219     0.828     5.400
     1.750    -0.803     0.209     0.830     5.367
     1.760    -0.809     0.200     0.833     5.335
     1.770    -0.814     0.189     0.835     5.305
     1.780    -0.818     0.179     0.838     5.277
     1.790    -0.823     0.169     0.840     5.250
     1.800    -0.827     0.159     0.842     5.225
     1.810    -0.831     0.149     0.844     5.201
     1.820    -0.834     0.138     0.846     5.179
     1.830    -0.838     0.128     0.847     5.159
     1.840    -0.841     0.118     0.849     5.140
     1.850    -0.844     0.107     0.850     5.123
     1.860    -0.846     0.097     0.852     5.107
     1.870    -0.848     0.086     0.853     5.093
     1.880    -0.850     0.076     0.854     5.080
     1.890    -0.852     0.065     0.855     5.069
     1.900    -0.854     0.055     0.855     5.060
     1.910    -0.855     0.044     0.856     5.052
     1.920    -0.856     0.033     0.856     5.045
     1.930    -0.857     0.023     0.857     5.040
     1.940    -0.857     0.012     0.857     5.037
     1.950    -0.857     0.002     0.857     5.035
     1.960    -0.857    -0.009     0.857     5.035
     1.970    -0.857    -0.020     0.857     5.036
     1.980    -0.856    -0.030     0.857     5.039
     1.990    -0.855    -0.041     0.856     5.044
     2.000    -0.854    -0.051     0.856     5.050
     2.010    -0.853    -0.062     0.855     5.057
     2.020    -0.851    -0.073     0.854     5.066
     2.030    -0.849    -0.083     0.853     5.077
     2.040    -0.847    -0.094     0.852     5.089
     2.050    -0.844    -0.104     0.851     5.103
     2.060    -0.842    -0.115     0.849     5.118
     2.070    -0.839    -0.125     0.848     5.135
     2.080    -0.835    -0.135     0.846     5.153
     2.090    -0.832    -0.146     0.844     5.173
     2.100    -0.828    -0.156     0.843     5.195
     2.110    -0.824    -0.166     0.841     5.218
     2.120    -0.820    -0.176     0.838     5.243
     2.130    -0.815    -0.186     0.836     5.269
     2.140    -0.810    -0.197     0.834     5.297
     2.150    -0.805    -0.207     0.831     5.326
     2.160    -0.800    -0.216     0.828     5.357
     2.170    -0.794    -0.226     0.826     5.390
     2.180    -0.788    -0.236     0.823     5.424
     2.190    -0.782    -0.246     0.819     5.460
     2.200    -0.775    -0.255     0.816     5.498
     2.210    -0.768    -0.265     0.813     5.537
     2.220    -0.761    -0.274     0.809     5.578
     2.230    -0.754    -0.284     0.806     5.621
     2.240    -0.746    -0.293     0.802     5.665
     2.250    -0.738    -0.302     0.798     5.711
     2.260    -0.730    -0.311     0.794     5.759
     2.270    -0.722    -0.320     0.789     5.809
     2.280    -0.713    -0.328     0.785     5.860
     2.290    -0.704    -0.337     0.781     5.914
     2.300    -0.695    -0.346     0.776     5.969
     2.310    -0.685    -0.354     0.771     6.026
     2.320    -0.675    -0.362     0.766     6.084
     2.330    -0.665    -0.370     0.761     6.145
     2.340    -0.655    -0.378     0.756     6.208
     2.350    -0.644    -0.386     0.750     6.273
     2.360    -0.633    -0.393     0.745     6.339
     2.370    -0.621    -0.400     0.739     6.408
     2.380    -0.610    -0.408     0.733     6.479
     2.390    -0.598    -0.415     0.727     6.553
     2.400    -0.586    -0.421     0.721     6.628
     2.410    -0.573    -0.428     0.715     6.706
     2.420    -0.560    -0.434     0.709     6.786
     2.430    -0.547    -0.440     0.702     6.868
     2.440    -0.533    -0.446     0.695     6.953
     2.450    -0.520    -0.451     0.688     7.041
     2.460    -0.506    -0.457     0.681     7.131
     2.470    -0.491    -0.462     0.674     7.224
     2.480    -0.477    -0.466     0.667     7.320
     2.490    -0.461    -0.471     0.659     7.418
     2.500    -0.446    -0.475     0.652     7.520
     2.510    -0.431    -0.479     0.644     7.624
     2.520    -0.415    -0.482     0.636     7.732
     2.530    -0.398    -0.485     0.628     7.843
     2.540    -0.382    -0.488     0.619     7.958
     2.550    -0.365    -0.490     0.611     8.076
     2.560    -0.348    -0.492     0.602     8.198
     2.570    -0.330    -0.493     0.594     8.324
     2.580    -0.312    -0.494     0.585     8.454
     2.590    -0.294    -0.495     0.576     8.588
     2.600    -0.276    -0.495     0.566     8.726
     2.610    -0.257    -0.494     0.557     8.869
     2.620    -0.238    -0.493     0.548     9.016
     2.630    -0.219    -0.491     0.538     9.169
     2.640    -0.199    -0.489     0.528     9.326
     2.650    -0.180    -0.486     0.518     9.489
     2.660    -0.159    -0.483     0.508     9.658
     2.670    -0.139    -0.478     0.498     9.832
     2.680    -0.119    -0.473     0.488    10.012
     2.690    -0.098    -0.467     0.478    10.198
     2.700    -0.077    -0.461     0.467    10.390
     2.710    -0.056    -0.453     0.457    10.589
     2.720    -0.035    -0.445     0.446    10.795
     2.730    -0.014    -0.435     0.435    11.007
     2.740     0.008    -0.425     0.425    11.226
     2.750     0.029    -0.413     0.414    11.451
     2.760     0.050    -0.401     0.404    11.683
     2.770     0.071    -0.387     0.393    11.921
     2.780     0.092    -0.372     0.383    12.165
     2.790     0.112    -0.355     0.373    12.414
     2.800     0.132    -0.338     0.363    12.667
     2.810     0.152    -0.319     0.353    12.922
     2.820     0.170    -0.298     0.343    13.178
     2.830     0.188    -0.276     0.334    13.433
     2.840     0.205    -0.253     0.326    13.684
     2.850     0.221    -0.228     0.318    13.928
     2.860     0.236    -0.202     0.311    14.161
     2.870     0.249    -0.175     0.304    14.379
     2.880     0.260    -0.146     0.298    14.576
     2.890     0.270    -0.116     0.294    14.748
     2.900     0.277    -0.086     0.290    14.891
     2.910     0.282    -0.055     0.287    14.999
     2.920     0.285    -0.023     0.286    15.069
     2.930     0.286     0.009     0.286    15.099
     2.940     0.284     0.041     0.287    15.088
     2.950     0.280     0.072     0.289    15.035
     2.960     0.273     0.103     0.292    14.943
     2.970     0.265     0.133     0.296    14.816
     2.980     0.254     0.162     0.301    14.656
     2.990     0.242     0.190     0.308    14.469
     3.000     0.228     0.217     0.315    14.260
     3.010     0.213     0.242     0.322    14.034
     3.020     0.196     0.266     0.330    13.794
     3.030     0.179     0.288     0.339    13.546
     3.040     0.160     0.310     0.349    13.292
     3.050     0.141     0.329     0.358    13.036
     3.060     0.121     0.348     0.368    12.780
     3.070     0.101     0.365     0.378    12.526
     3.080     0.080     0.380     0.388    12.275
     3.090     0.059     0.395     0.399    12.029
     3.100     0.038     0.408     0.409    11.788
     3.110     0.017     0.420     0.420    11.554
     3.120    -0.004     0.431     0.431    11.325
     3.130    -0.026     0.441     0.441    11.104
     3.140    -0.047     0.449     0.452    10.888
     3.150    -0.068     0.457     0.462    10.680
     3.160    -0.089     0.465     0.473    10.478
     3.170    -0.109     0.471     0.483    10.283
     3.180    -0.130     0.476     0.494    10.094
     3.190    -0.150     0.481     0.504     9.911
     3.200    -0.171     0.485     0.514     9.734
     3.210    -0.191     0.488     0.524     9.563
     3.220    -0.210     0.491     0.534     9.398
     3.230    -0.230     0.492     0.543     9.238
     3.240    -0.249     0.494     0.553     9.084
     3.250    -0.268     0.495     0.562     8.934
     3.260    -0.286     0.495     0.572     8.789
     3.270    -0.304     0.495     0.581     8.649
     3.280    -0.322     0.494     0.590     8.513
     3.290    -0.340     0.493     0.599     8.381
     3.300    -0.357     0.491     0.607     8.254
     3.310    -0.374     0.489     0.616     8.130
     3.320    -0.391     0.486     0.624     8.010
     3.330    -0.407     0.484     0.632     7.894
     3.340    -0.423     0.480     0.640     7.781
     3.350    -0.439     0.477     0.648     7.672
     3.360    -0.455     0.473     0.656     7.566
     3.370    -0.470     0.468     0.664     7.463
     3.380    -0.485     0.464     0.671     7.363
     3.390    -0.499     0.459     0.678     7.266
     3.400    -0.513     0.454     0.685     7.172
     3.410    -0.527     0.448     0.692     7.081
     3.420    -0.541     0.443     0.699     6.992
     3.430    -0.554     0.437     0.706     6.906
     3.440    -0.567     0.431     0.712     6.822
     3.450    -0.580     0.424     0.719     6.741
     3.460    -0.592     0.418     0.725     6.662
     3.470    -0.604     0.411     0.731     6.586
     3.480    -0.616     0.404     0.737     6.512
     3.490    -0.628     0.396     0.742     6.440
     3.500    -0.639     0.389     0.748     6.370
     3.510    -0.650     0.381     0.753     6.302
     3.520    -0.660     0.374     0.759     6.237
     3.530    -0.671     0.366     0.764     6.173
     3.540    -0.681     0.358     0.769     6.111
     3.550    -0.691     0.349     0.774     6.052
     3.560    -0.700     0.341     0.779     5.994
     3.570    -0.709     0.332     0.783     5.938
     3.580    -0.718     0.324     0.788     5.884
     3.590    -0.727     0.315     0.792     5.832
     3.600    -0.735     0.306     0.796     5.781
     3.610    -0.743     0.297     0.800     5.733
     3.620    -0.751     0.288     0.804     5.686
     3.630    -0.758     0.278     0.808     5.641
     3.640    -0.765     0.269     0.811     5.597
     3.650    -0.772     0.260     0.815     5.555
     3.660    -0.779     0.250     0.818     5.515
     3.670    -0.785     0.240     0.821     5.477
     3.680    -0.791     0.231     0.824     5.440
     3.690    -0.797     0.221     0.827     5.405
     3.700    -0.803     0.211     0.830     5.372
     3.710    -0.808     0.201     0.833     5.340
     3.720    -0.813     0.191     0.835     5.310
     3.730    -0.818     0.181     0.837     5.281
     3.740    -0.822     0.171     0.840     5.254
     3.750    -0.826     0.161     0.842     5.229
     3.760    -0.830     0.150     0.844     5.205
     3.770    -0.834     0.140     0.845     5.183
     3.780    -0.837     0.130     0.847     5.162
     3.790    -0.840     0.119     0.849     5.143
     3.800    -0.843     0.109     0.850     5.125
     3.810    -0.846     0.098     0.851     5.109
     3.820    -0.848     0.088     0.853     5.095
     3.830    -0.850     0.077     0.854     5.082
     3.840    -0.852     0.067     0.855     5.071
     3.850    -0.853     0.056     0.855     5.061
     3.860    -0.855     0.046     0.856     5.053
     3.870    -0.856     0.035     0.856     5.046
     3.880    -0.856     0.024     0.857     5.041
     3.890    -0.857     0.014     0.857     5.038
     3.900    -0.857     0.003     0.857     5.036
     3.910    -0.857    -0.007     0.857     5.035
     3.920    -0.857    -0.018     0.857     5.036
     3.930    -0.856    -0.029     0.857     5.039
     3.940    -0.855    -0.039     0.856     5.043
     3.950    -0.854    -0.050     0.856     5.049
     3.960    -0.853    -0.060     0.855     5.056
     3.970    -0.851    -0.071     0.854     5.065
     3.980    -0.849    -0.082     0.853     5.075
     3.990    -0.847    -0.092     0.852     5.087
     4.000    -0.845    -0.103     0.851     5.101
     4.010    -0.842    -0.113     0.850     5.116
     4.020    -0.839    -0.123     0.848     5.132
     4.030    -0.836    -0.134     0.846     5.150
     4.040    -0.832    -0.144     0.845     5.170
     4.050    -0.829    -0.154     0.843     5.192
     4.060    -0.825    -0.165     0.841     5.214
     4.070    -0.820    -0.175     0.839     5.239
     4.080    -0.816    -0.185     0.836     5.265
     4.090    -0.811    -0.195     0.834     5.293
     4.100    -0.806    -0.205     0.831     5.322
     4.110    -0.800    -0.215     0.829     5.353
     4.120    -0.795    -0.225     0.826     5.385
     4.130    -0.789    -0.235     0.823     5.419
     4.140    -0.783    -0.244     0.820     5.455
     4.150    -0.776    -0.254     0.817     5.492
     4.160    -0.769    -0.263     0.813     5.531
     4.170    -0.762    -0.273     0.810     5.572
     4.180    -0.755    -0.282     0.806     5.615
     4.190    -0.748    -0.291     0.802     5.659
     4.200    -0.740    -0.301     0.798     5.705
     4.210    -0.732    -0.310     0.794     5.752
     4.220    -0.723    -0.318     0.790     5.801
     4.230    -0.714    -0.327     0.786     5.853
     4.240    -0.705    -0.336     0.781     5.906
     4.250    -0.696    -0.344     0.777     5.960
     4.260    -0.687    -0.353     0.772     6.017
     4.270    -0.677    -0.361     0.767     6.076
     4.280    -0.667    -0.369     0.762     6.136
     4.290    -0.656    -0.377     0.757     6.199
     4.300    -0.645    -0.384     0.751     6.263
     4.310    -0.634    -0.392     0.746     6.329
     4.320    -0.623    -0.399     0.740     6.398
     4.330    -0.612    -0.407     0.734     6.469
     4.340    -0.600    -0.414     0.728     6.542
     4.350    -0.587    -0.420     0.722     6.617
     4.360    -0.575    -0.427     0.716     6.694
     4.370    -0.562    -0.433     0.710     6.774
     4.380    -0.549    -0.439     0.703     6.856
     4.390    -0.536    -0.445     0.696     6.941
     4.400    -0.522    -0.451     0.689     7.028
     4.410    -0.508    -0.456     0.682     7.117
     4.420    -0.493    -0.461     0.675     7.210
     4.430    -0.479    -0.466     0.668     7.305
     4.440    -0.464    -0.470     0.660     7.403
     4.450    -0.448    -0.474     0.653     7.504
     4.460    -0.433    -0.478     0.645     7.609
     4.470    -0.417    -0.482     0.637     7.716
     4.480    -0.401    -0.485     0.629     7.827
     4.490    -0.384    -0.487     0.621     7.941
     4.500    -0.367    -0.490     0.612     8.058
     4.510    -0.350    -0.492     0.604     8.180
     4.520    -0.333    -0.493     0.595     8.305
     4.530    -0.315    -0.494     0.586     8.434
     4.540    -0.297    -0.495     0.577     8.567
     4.550    -0.279    -0.495     0.568     8.705
     4.560    -0.260    -0.494     0.559     8.847
     4.570    -0.241    -0.493     0.549     8.994
     4.580    -0.222    -0.492     0.539     9.146
     4.590    -0.202    -0.490     0.530     9.303
     4.600    -0.182    -0.487     0.520     9.465
     4.610    -0.162    -0.483     0.510     9.632
     4.620    -0.142    -0.479     0.500     9.805
     4.630    -0.122    -0.474     0.489     9.985
     4.640    -0.101    -0.468     0.479    10.170
     4.650    -0.080    -0.462     0.469    10.361
     4.660    -0.059    -0.454     0.458    10.559
     4.670    -0.038    -0.446     0.448    10.764
     4.680    -0.017    -0.437     0.437    10.975
     4.690     0.004    -0.426     0.426    11.193
     4.700     0.026    -0.415     0.416    11.417
     4.710     0.047    -0.402     0.405    11.648
     4.720     0.068    -0.389     0.395    11.886
     4.730     0.089    -0.374     0.384    12.129
     4.740     0.109    -0.358     0.374    12.377
     4.750     0.129    -0.340     0.364    12.629
     4.760     0.149    -0.321     0.354    12.884
     4.770     0.168    -0.301     0.345    13.140
     4.780     0.186    -0.280     0.336    13.396
     4.790     0.203    -0.256     0.327    13.648
     4.800     0.219    -0.232     0.319    13.893
     4.810     0.234    -0.206     0.312    14.127
     4.820     0.247    -0.179     0.305    14.347
     4.830     0.259    -0.150     0.299    14.548
     4.840     0.268    -0.121     0.294    14.724
     4.850     0.276    -0.090     0.291    14.872
     4.860     0.282    -0.059     0.288    14.985
     4.870     0.285    -0.028     0.286    15.061
     4.880     0.286     0.004     0.286    15.097
     4.890     0.284     0.036     0.286    15.092
     4.900     0.280     0.067     0.288    15.045
     4.910     0.274     0.098     0.291    14.959
     4.920     0.266     0.129     0.296    14.837
     4.930     0.256     0.158     0.301    14.681
     4.940     0.244     0.186     0.307    14.498
     4.950     0.230     0.213     0.313    14.292
     4.960     0.215     0.238     0.321    14.068
     4.970     0.199     0.263     0.329    13.830
     4.980     0.181     0.285     0.338    13.583
     4.990     0.163     0.307     0.347    13.330
     5.000     0.144     0.326     0.357    13.074
     5.010     0.124     0.345     0.367    12.818
     5.020     0.104     0.362     0.377    12.564
     5.030     0.083     0.378     0.387    12.312
     5.040     0.062     0.392     0.397    12.065
     5.050     0.041     0.406     0.408    11.824
     5.060     0.020     0.418     0.419    11.588
     5.070    -0.001     0.429     0.429    11.359
     5.080    -0.022     0.439     0.440    11.136
     5.090    -0.044     0.448     0.450    10.920
     5.100    -0.065     0.456     0.461    10.710
     5.110    -0.086     0.464     0.471    10.508
     5.120    -0.106     0.470     0.482    10.311
     5.130    -0.127     0.475     0.492    10.121
     5.140    -0.147     0.480     0.502     9.938
     5.150    -0.168     0.484     0.512     9.760
     5.160    -0.188     0.488     0.522     9.589
     5.170    -0.207     0.490     0.532     9.422
     5.180    -0.227     0.492     0.542     9.262
     5.190    -0.246     0.494     0.552     9.106
     5.200    -0.265     0.495     0.561     8.956
     5.210    -0.283     0.495     0.570     8.810
     5.220    -0.302     0.495     0.579     8.669
     5.230    -0.320     0.494     0.588     8.533
     5.240    -0.337     0.493     0.597     8.400
     5.250    -0.355     0.491     0.606     8.272
     5.260    -0.372     0.489     0.614     8.148
     5.270    -0.389     0.487     0.623     8.028
     5.280    -0.405     0.484     0.631     7.911
     5.290    -0.421     0.481     0.639     7.798
     5.300    -0.437     0.477     0.647     7.688
     5.310    -0.452     0.473     0.655     7.581
     5.320    -0.468     0.469     0.662     7.478
     5.330    -0.483     0.465     0.670     7.378
     5.340    -0.497     0.460     0.677     7.280
     5.350    -0.511     0.455     0.684     7.186
     5.360    -0.525     0.449     0.691     7.094
     5.370    -0.539     0.444     0.698     7.005
     5.380    -0.552     0.438     0.705     6.918
     5.390    -0.565     0.432     0.711     6.835
     5.400    -0.578     0.425     0.718     6.753
     5.410    -0.591     0.419     0.724     6.674
     5.420    -0.603     0.412     0.730     6.597
     5.430    -0.615     0.405     0.736     6.523
     5.440    -0.626     0.398     0.742     6.450
     5.450    -0.637     0.390     0.747     6.380
     5.460    -0.648     0.383     0.753     6.312
     5.470    -0.659     0.375     0.758     6.246
     5.480    -0.669     0.367     0.763     6.182
     5.490    -0.679     0.359     0.768     6.120
     5.500    -0.689     0.351     0.773     6.060
     5.510    -0.699     0.342     0.778     6.002
     5.520    -0.708     0.334     0.782     5.946
     5.530    -0.717     0.325     0.787     5.892
     5.540    -0.725     0.316     0.791     5.839
     5.550    -0.734     0.307     0.795     5.789
     5.560    -0.742     0.298     0.799     5.740
     5.570    -0.750     0.289     0.803     5.693
     5.580    -0.757     0.280     0.807     5.647
     5.590    -0.764     0.270     0.811     5.603
     5.600    -0.771     0.261     0.814     5.561
     5.610    -0.778     0.251     0.818     5.521
     5.620    -0.784     0.242     0.821     5.483
     5.630    -0.790     0.232     0.824     5.446
     5.640    -0.796     0.222     0.827     5.410
     5.650    -0.802     0.212     0.829     5.377
     5.660    -0.807     0.202     0.832     5.345
     5.670    -0.812     0.192     0.835     5.314
     5.680    -0.817     0.182     0.837     5.285
     5.690    -0.821     0.172     0.839     5.258
     5.700    -0.826     0.162     0.841     5.232
     5.710    -0.830     0.152     0.843     5.208
     5.720    -0.833     0.141     0.845     5.186
     5.730    -0.837     0.131     0.847     5.165
     5.740    -0.840     0.121     0.849     5.146
     5.750    -0.843     0.110     0.850     5.128
     5.760    -0.845     0.100     0.851     5.112
     5.770    -0.848     0.089     0.852     5.097
     5.780    -0.850     0.079     0.853     5.084
     5.790    -0.852     0.068     0.854     5.072
     5.800    -0.853     0.058     0.855     5.062
     5.810    -0.855     0.047     0.856     5.054
     5.820    -0.856     0.037     0.856     5.047
     5.830    -0.856     0.026     0.857     5.042
     5.840    -0.857     0.015     0.857     5.038
     5.850    -0.857     0.005     0.857     5.036
     5.860    -0.857    -0.006     0.857     5.035
     5.870    -0.857    -0.017     0.857     5.036
     5.880    -0.856    -0.027     0.857     5.038
     5.890    -0.855    -0.038     0.856     5.042
     5.900    -0.854    -0.048     0.856     5.048
     5.910    -0.853    -0.059     0.855     5.055
     5.920    -0.851    -0.069     0.854     5.063
     5.930    -0.850    -0.080     0.853     5.074
     5.940    -0.848    -0.091     0.852     5.085
     5.950    -0.845    -0.101     0.851     5.099
     5.960    -0.842    -0.111     0.850     5.113
     5.970    -0.840    -0.122     0.848     5.130
     5.980    -0.836    -0.132     0.847     5.148
     5.990    -0.833    -0.143     0.845     5.167
     6.000    -0.829    -0.153     0.843     5.188
     6.010    -0.825    -0.163     0.841     5.211
     6.020    -0.821    -0.173     0.839     5.235
     6.030    -0.816    -0.183     0.837     5.261
     6.040    -0.812    -0.194     0.834     5.288
     6.050    -0.807    -0.204     0.832     5.317
     6.060    -0.801    -0.214     0.829     5.348
     6.070    -0.796    -0.223     0.826     5.380
     6.080    -0.790    -0.233     0.823     5.414
     6.090    -0.784    -0.243     0.820     5.450
     6.100    -0.777    -0.253     0.817     5.487
     6.110    -0.770    -0.262     0.814     5.526
     6.120    -0.763    -0.271     0.810     5.566
     6.130    -0.756    -0.281     0.807     5.608
     6.140    -0.749    -0.290     0.803     5.652
     6.150    -0.741    -0.299     0.799     5.698
     6.160    -0.733    -0.308     0.795     5.745
     6.170    -0.724    -0.317     0.791     5.794
     6.180    -0.716    -0.326     0.786     5.845
     6.190    -0.707    -0.335     0.782     5.898
     6.200    -0.698    -0.343     0.777     5.952
     6.210    -0.688    -0.351     0.773     6.008
     6.220    -0.678    -0.360     0.768     6.067
     6.230    -0.668    -0.368     0.763     6.127
     6.240    -0.658    -0.376     0.757     6.189
     6.250    -0.647    -0.383     0.752     6.253
     6.260    -0.636    -0.391     0.747     6.319
     6.270    -0.625    -0.398     0.741     6.388
     6.280    -0.613    -0.406     0.735     6.458
     6.290    -0.601    -0.413     0.729     6.531
     6.300    -0.589    -0.419     0.723     6.605
     6.310    -0.577    -0.426     0.717     6.682
     6.320    -0.564    -0.432     0.711     6.762
     6.330    -0.551    -0.438     0.704     6.844
     6.340    -0.538    -0.444     0.697     6.928
     6.350    -0.524    -0.450     0.690     7.015
     6.360    -0.510    -0.455     0.683     7.104
     6.370    -0.496    -0.460     0.676     7.196
     6.380    -0.481    -0.465     0.669     7.291
     6.390    -0.466    -0.470     0.662     7.389
     6.400    -0.451    -0.474     0.654     7.489
     6.410    -0.435    -0.478     0.646     7.593
     6.420    -0.419    -0.481     0.638     7.700
     6.430    -0.403    -0.484     0.630     7.810
     6.440    -0.387    -0.487     0.622     7.924
     6.450    -0.370    -0.489     0.614     8.041
     6.460    -0.353    -0.491     0.605     8.161
     6.470    -0.335    -0.493     0.596     8.286
     6.480    -0.318    -0.494     0.587     8.415
     6.490    -0.300    -0.495     0.578     8.547
     6.500    -0.281    -0.495     0.569     8.684
     6.510    -0.263    -0.494     0.560     8.826
     6.520    -0.244    -0.494     0.550     8.972
     6.530    -0.225    -0.492     0.541     9.123
     6.540    -0.205    -0.490     0.531     9.279
     6.550    -0.185    -0.487     0.521     9.440
     6.560    -0.165    -0.484     0.511     9.607
     6.570    -0.145    -0.480     0.501     9.779
     6.580    -0.125    -0.475     0.491     9.958
     6.590    -0.104    -0.469     0.481    10.142
     6.600    -0.083    -0.463     0.470    10.333
     6.610    -0.062    -0.455     0.460    10.529
     6.620    -0.041    -0.447     0.449    10.733
     6.630    -0.020    -0.438     0.439    10.943
     6.640     0.001    -0.428     0.428    11.160
     6.650     0.022    -0.417     0.417    11.384
     6.660     0.044    -0.404     0.407    11.614
     6.670     0.065    -0.391     0.396    11.850
     6.680     0.085    -0.376     0.386    12.092
     6.690     0.106    -0.360     0.376    12.340
     6.700     0.126    -0.343     0.365    12.591
     6.710     0.146    -0.324     0.356    12.846
     6.720     0.165    -0.304     0.346    13.102
     6.730     0.183    -0.283     0.337    13.358
     6.740     0.201    -0.260     0.328    13.610
     6.750     0.217    -0.236     0.320    13.857
     6.760     0.232    -0.210     0.313    14.093
     6.770     0.245    -0.183     0.306    14.316
     6.780     0.257    -0.155     0.300    14.520
     6.790     0.267    -0.125     0.295    14.700
     6.800     0.275    -0.095     0.291    14.852
     6.810     0.281    -0.064     0.288    14.971
     6.820     0.284    -0.032     0.286    15.052
     6.830     0.286    -0.001     0.286    15.095
     6.840     0.285     0.031     0.286    15.095
     6.850     0.281     0.063     0.288    15.055
     6.860     0.275     0.094     0.291    14.974
     6.870     0.267     0.124     0.295    14.857
     6.880     0.258     0.154     0.300    14.706
     6.890     0.246     0.182     0.306    14.527
     6.900     0.232     0.209     0.312    14.324
     6.910     0.217     0.235     0.320    14.102
     6.920     0.201     0.259     0.328    13.866
     6.930     0.184     0.282     0.337    13.620
     6.940     0.166     0.303     0.346    13.368
     6.950     0.147     0.324     0.355    13.112
     6.960     0.127     0.342     0.365    12.856
     6.970     0.107     0.360     0.375    12.601
     6.980     0.086     0.376     0.385    12.349
     6.990     0.065     0.390     0.396    12.102
     7.000     0.044     0.404     0.406    11.859
     7.010     0.023     0.416     0.417    11.623
     7.020     0.002     0.428     0.428    11.392
     7.030    -0.019     0.438     0.438    11.169
     7.040    -0.040     0.447     0.449    10.952
     7.050    -0.062     0.455     0.459    10.741
     7.060    -0.083     0.463     0.470    10.537
     7.070    -0.103     0.469     0.480    10.340
     7.080    -0.124     0.475     0.491    10.149
     7.090    -0.144     0.480     0.501     9.965
     7.100    -0.165     0.484     0.511     9.786
     7.110    -0.185     0.487     0.521     9.614
     7.120    -0.204     0.490     0.531     9.447
     7.130    -0.224     0.492     0.541     9.285
     7.140    -0.243     0.493     0.550     9.129
     7.150    -0.262     0.494     0.560     8.978
     7.160    -0.281     0.495     0.569     8.831
     7.170    -0.299     0.495     0.578     8.690
     7.180    -0.317     0.494     0.587     8.553
     7.190    -0.335     0.493     0.596     8.420
     7.200    -0.352     0.492     0.605     8.291
     7.210    -0.369     0.490     0.613     8.166
     7.220    -0.386     0.487     0.622     8.045
     7.230    -0.403     0.484     0.630     7.928
     7.240    -0.419     0.481     0.638     7.814
     7.250    -0.435     0.478     0.646     7.704
     7.260    -0.450     0.474     0.654     7.597
     7.270    -0.465     0.470     0.661     7.493
     7.280    -0.480     0.465     0.669     7.392
     7.290    -0.495     0.460     0.676     7.295
     7.300    -0.509     0.455     0.683     7.200
     7.310    -0.523     0.450     0.690     7.107
     7.320    -0.537     0.444     0.697     7.018
     7.330    -0.550     0.439     0.704     6.931
     7.340    -0.563     0.432     0.710     6.847
     7.350    -0.576     0.426     0.717     6.765
     7.360    -0.589     0.420     0.723     6.685
     7.370    -0.601     0.413     0.729     6.608
     7.380    -0.613     0.406     0.735     6.533
     7.390    -0.624     0.399     0.741     6.461
     7.400    -0.636     0.391     0.746     6.390
     7.410    -0.647     0.384     0.752     6.322
     7.420    -0.657     0.376     0.757     6.256
     7.430    -0.668     0.368     0.762     6.192
     7.440    -0.678     0.360     0.767     6.129
     7.450    -0.688     0.352     0.772     6.069
     7.460    -0.697     0.343     0.777     6.011
     7.470    -0.706     0.335     0.782     5.954
     7.480    -0.715     0.326     0.786     5.900
     7.490    -0.724     0.317     0.791     5.847
     7.500    -0.732     0.309     0.795     5.796
     7.510    -0.741     0.300     0.799     5.747
     7.520    -0.748     0.290     0.803     5.699
     7.530    -0.756     0.281     0.807     5.654
     7.540    -0.763     0.272     0.810     5.610
     7.550    -0.770     0.262     0.814     5.568
     7.560    -0.777     0.253     0.817     5.527
     7.570    -0.783     0.243     0.820     5.488
     7.580    -0.790     0.234     0.823     5.451
     7.590    -0.795     0.224     0.826     5.415
     7.600    -0.801     0.214     0.829     5.381
     7.610    -0.806     0.204     0.832     5.349
     7.620    -0.811     0.194     0.834     5.319
     7.630    -0.816     0.184     0.837     5.289
     7.640    -0.821     0.174     0.839     5.262
     7.650    -0.825     0.164     0.841     5.236
     7.660    -0.829     0.153     0.843     5.212
     7.670    -0.833     0.143     0.845     5.189
     7.680    -0.836     0.133     0.847     5.168
     7.690    -0.839     0.122     0.848     5.148
     7.700    -0.842     0.112     0.850     5.130
     7.710    -0.845     0.101     0.851     5.114
     7.720    -0.847     0.091     0.852     5.099
     7.730    -0.850     0.080     0.853     5.086
     7.740    -0.851     0.070     0.854     5.074
     7.750    -0.853     0.059     0.855     5.064
     7.760    -0.854     0.049     0.856     5.055
     7.770    -0.855     0.038     0.856     5.048
     7.780    -0.856     0.028     0.857     5.042
     7.790    -0.857     0.017     0.857     5.038
     7.800    -0.857     0.006     0.857     5.036
     7.810    -0.857    -0.004     0.857     5.035
     7.820    -0.857    -0.015     0.857     5.036
     7.830    -0.856    -0.026     0.857     5.038
     7.840    -0.856    -0.036     0.856     5.042
     7.850    -0.855    -0.047     0.856     5.047
     7.860    -0.853    -0.057     0.855     5.054
     7.870    -0.852    -0.068     0.854     5.062
     7.880    -0.850    -0.078     0.854     5.072
     7.890    -0.848    -0.089     0.852     5.083
     7.900    -0.845    -0.099     0.851     5.096
     7.910    -0.843    -0.110     0.850     5.111
     7.920    -0.840    -0.120     0.849     5.127
     7.930    -0.837    -0.131     0.847     5.145
     7.940    -0.833    -0.141     0.845     5.164
     7.950    -0.830    -0.151     0.843     5.185
     7.960    -0.826    -0.162     0.841     5.207
     7.970    -0.822    -0.172     0.839     5.231
     7.980    -0.817    -0.182     0.837     5.257
     7.990    -0.812    -0.192     0.835     5.284
     8.000    -0.807    -0.202     0.832     5.313
     8.010    -0.802    -0.212     0.830     5.343
     8.020    -0.796    -0.222     0.827     5.375
     8.030    -0.791    -0.232     0.824     5.409
     8.040    -0.785    -0.241     0.821     5.444
     8.050    -0.778    -0.251     0.818     5.481
     8.060    -0.771    -0.261     0.814     5.520
     8.070    -0.765    -0.270     0.811     5.560
     8.080    -0.757    -0.279     0.807     5.602
     8.090    -0.750    -0.289     0.803     5.645
     8.100    -0.742    -0.298     0.800     5.691
     8.110    -0.734    -0.307     0.796     5.738
     8.120    -0.726    -0.316     0.791     5.787
     8.130    -0.717    -0.325     0.787     5.837
     8.140    -0.708    -0.333     0.783     5.890
     8.150    -0.699    -0.342     0.778     5.944
     8.160    -0.689    -0.350     0.773     6.000
     8.170    -0.680    -0.358     0.768     6.058
     8.180    -0.670    -0.367     0.763     6.118
     8.190    -0.659    -0.374     0.758     6.180
     8.200    -0.649    -0.382     0.753     6.244
     8.210    -0.638    -0.390     0.747     6.309
     8.220    -0.627    -0.397     0.742     6.377
     8.230    -0.615    -0.404     0.736     6.447
     8.240    -0.603    -0.411     0.730     6.520
     8.250    -0.591    -0.418     0.724     6.594
     8.260    -0.579    -0.425     0.718     6.671
     8.270    -0.566    -0.431     0.712     6.750
     8.280    -0.553    -0.437     0.705     6.831
     8.290    -0.540    -0.443     0.698     6.915
     8.300    -0.526    -0.449     0.692     7.002
     8.310    -0.512    -0.454     0.685     7.091
     8.320    -0.498    -0.460     0.677     7.182
     8.330    -0.483    -0.464     0.670     7.277
     8.340    -0.468    -0.469     0.663     7.374
     8.350    -0.453    -0.473     0.655     7.474
     8.360    -0.438    -0.477     0.647     7.577
     8.370    -0.422    -0.481     0.639     7.684
     8.380    -0.406    -0.484     0.631     7.793
     8.390    -0.389    -0.487     0.623     7.906
     8.400    -0.372    -0.489     0.615     8.023
     8.410    -0.355    -0.491     0.606     8.143
     8.420    -0.338    -0.493     0.598     8.267
     8.430    -0.320    -0.494     0.589     8.395
     8.440    -0.302    -0.495     0.580     8.527
     8.450    -0.284    -0.495     0.571     8.664
     8.460    -0.265    -0.495     0.561     8.805
     8.470    -0.247    -0.494     0.552     8.950
     8.480    -0.227    -0.492     0.542     9.100
     8.490    -0.208    -0.490     0.533     9.256
     8.500    -0.188    -0.488     0.523     9.416
     8.510    -0.168    -0.484     0.513     9.582
     8.520    -0.148    -0.480     0.503     9.753
     8.530    -0.128    -0.476     0.492     9.931
     8.540    -0.107    -0.470     0.482    10.114
     8.550    -0.086    -0.464     0.472    10.304
     8.560    -0.065    -0.457     0.461    10.500
     8.570    -0.044    -0.449     0.451    10.702
     8.580    -0.023    -0.440     0.440    10.912
     8.590    -0.002    -0.430     0.430    11.127
     8.600     0.019    -0.418     0.419    11.350
     8.610     0.040    -0.406     0.408    11.579
     8.620     0.062    -0.393     0.398    11.815
     8.630     0.082    -0.378     0.387    12.056
     8.640     0.103    -0.363     0.377    12.303
     8.650     0.123    -0.346     0.367    12.554
     8.660     0.143    -0.327     0.357    12.808
     8.670     0.162    -0.307     0.347    13.064
     8.680     0.181    -0.286     0.338    13.320
     8.690     0.198    -0.263     0.330    13.573
     8.700     0.214    -0.239     0.321    13.821
     8.710     0.230    -0.214     0.314    14.059
     8.720     0.243    -0.187     0.307    14.284
     8.730     0.255    -0.159     0.301    14.491
     8.740     0.266    -0.130     0.296    14.675
     8.750     0.274    -0.100     0.292    14.831
     8.760     0.280    -0.069     0.288    14.955
     8.770     0.284    -0.037     0.287    15.043
     8.780     0.286    -0.005     0.286    15.091
     8.790     0.285     0.026     0.286    15.098
     8.800     0.282     0.058     0.288    15.063
     8.810     0.276     0.089     0.290    14.989
     8.820     0.269     0.120     0.294    14.877
     8.830     0.259     0.149     0.299    14.731
     8.840     0.248     0.178     0.305    14.555
     8.850     0.234     0.205     0.311    14.356
     8.860     0.220     0.231     0.319    14.136
     8.870     0.204     0.255     0.327    13.902
     8.880     0.187     0.279     0.335    13.657
     8.890     0.168     0.300     0.344    13.406
     8.900     0.150     0.321     0.354    13.150
     8.910     0.130     0.340     0.364    12.894
     8.920     0.110     0.357     0.374    12.639
     8.930     0.089     0.373     0.384    12.386
     8.940     0.069     0.388     0.394    12.138
     8.950     0.048     0.402     0.405    11.895
     8.960     0.026     0.415     0.415    11.658
     8.970     0.005     0.426     0.426    11.426
     8.980    -0.016     0.436     0.437    11.201
     8.990    -0.037     0.446     0.447    10.983
     9.000    -0.058     0.454     0.458    10.772
     9.010    -0.079     0.461     0.468    10.567
     9.020    -0.100     0.468     0.479    10.369
     9.030    -0.121     0.474     0.489    10.177
     9.040    -0.141     0.479     0.499     9.992
     9.050    -0.162     0.483     0.509     9.812
     9.060    -0.182     0.487     0.519     9.639
     9.070    -0.201     0.489     0.529     9.471
     9.080    -0.221     0.492     0.539     9.309
     9.090    -0.240     0.493     0.549     9.152
     9.100    -0.259     0.494     0.558     9.000
     9.110    -0.278     0.495     0.567     8.853
     9.120    -0.296     0.495     0.577     8.711
     9.130    -0.314     0.494     0.586     8.573
     9.140    -0.332     0.493     0.595     8.439
     9.150    -0.350     0.492     0.603     8.310
     9.160    -0.367     0.490     0.612     8.185
     9.170    -0.384     0.488     0.620     8.063
     9.180    -0.400     0.485     0.629     7.945
     9.190    -0.416     0.482     0.637     7.831
     9.200    -0.432     0.478     0.645     7.720
     9.210    -0.448     0.475     0.653     7.613
     9.220    -0.463     0.470     0.660     7.508
     9.230    -0.478     0.466     0.668     7.407
     9.240    -0.493     0.461     0.675     7.309
     9.250    -0.507     0.456     0.682     7.214
     9.260    -0.521     0.451     0.689     7.121
     9.270    -0.535     0.445     0.696     7.031
     9.280    -0.548     0.439     0.703     6.944
     9.290    -0.562     0.433     0.709     6.859
     9.300    -0.574     0.427     0.716     6.777
     9.310    -0.587     0.421     0.722     6.697
     9.320    -0.599     0.414     0.728     6.620
     9.330    -0.611     0.407     0.734     6.544
     9.340    -0.623     0.400     0.740     6.472
     9.350    -0.634     0.392     0.746     6.401
     9.360    -0.645     0.385     0.751     6.332
     9.370    -0.656     0.377     0.756     6.266
     9.380    -0.666     0.369     0.762     6.201
     9.390    -0.676     0.361     0.767     6.138
     9.400    -0.686     0.353     0.772     6.078
     9.410    -0.696     0.345     0.776     6.019
     9.420    -0.705     0.336     0.781     5.963
     9.430    -0.714     0.328     0.786     5.908
     9.440    -0.723     0.319     0.790     5.855
     9.450    -0.731     0.310     0.794     5.803
     9.460    -0.739     0.301     0.798     5.754
     9.470    -0.747     0.292     0.802     5.706
     9.480    -0.755     0.283     0.806     5.660
     9.490    -0.762     0.273     0.810     5.616
     9.500    -0.769     0.264     0.813     5.574
     9.510    -0.776     0.254     0.817     5.533
     9.520    -0.782     0.245     0.820     5.494
     9.530    -0.789     0.235     0.823     5.456
     9.540    -0.795     0.225     0.826     5.421
     9.550    -0.800     0.215     0.829     5.386
     9.560    -0.806     0.205     0.831     5.354
     9.570    -0.811     0.195     0.834     5.323
     9.580    -0.816     0.185     0.836     5.294
     9.590    -0.820     0.175     0.839     5.266
     9.600    -0.824     0.165     0.841     5.240
     9.610    -0.828     0.155     0.843     5.215
     9.620    -0.832     0.145     0.845     5.192
     9.630    -0.836     0.134     0.846     5.171
     9.640    -0.839     0.124     0.848     5.151
     9.650    -0.842     0.113     0.850     5.133
     9.660    -0.845     0.103     0.851     5.116
     9.670    -0.847     0.092     0.852     5.101
     9.680    -0.849     0.082     0.853     5.088
     9.690    -0.851     0.071     0.854     5.076
     9.700    -0.853     0.061     0.855     5.065
     9.710    -0.854     0.050     0.856     5.056
     9.720    -0.855     0.040     0.856     5.049
     9.730    -0.856     0.029     0.857     5.043
     9.740    -0.857     0.019     0.857     5.039
     9.750    -0.857     0.008     0.857     5.036
     9.760    -0.857    -0.003     0.857     5.035
     9.770    -0.857    -0.013     0.857     5.036
     9.780    -0.856    -0.024     0.857     5.037
     9.790    -0.856    -0.035     0.856     5.041
     9.800    -0.855    -0.045     0.856     5.046
     9.810    -0.854    -0.056     0.855     5.053
     9.820    -0.852    -0.066     0.855     5.061
     9.830    -0.850    -0.077     0.854     5.070
     9.840    -0.848    -0.087     0.853     5.082
     9.850    -0.846    -0.098     0.851     5.094
     9.860    -0.843    -0.108     0.850     5.109
     9.870    -0.840    -0.119     0.849     5.125
     9.880    -0.837    -0.129     0.847     5.142
     9.890    -0.834    -0.140     0.846     5.161
     9.900    -0.830    -0.150     0.844     5.182
     9.910    -0.826    -0.160     0.842     5.204
     9.920    -0.822    -0.170     0.840     5.228
     9.930    -0.818    -0.180     0.837     5.253
     9.940    -0.813    -0.191     0.835     5.280
     9.950    -0.808    -0.201     0.833     5.309
     9.960    -0.803    -0.211     0.830     5.339
     9.970    -0.797    -0.220     0.827     5.370
     9.980    -0.792    -0.230     0.824     5.404
     9.990    -0.785    -0.240     0.821     5.439
    10.000    -0.779    -0.250     0.818     5.475
    10.010    -0.772    -0.259     0.815     5.514
    10.020    -0.766    -0.269     0.811     5.554
    10.030    -0.758    -0.278     0.808     5.595
    10.040    -0.751    -0.287     0.804     5.639
    10.050    -0.743    -0.297     0.800     5.684
    10.060    -0.735    -0.306     0.796     5.731
    10.070    -0.727    -0.314     0.792     5.779
    10.080    -0.718    -0.323     0.788     5.830
    10.090    -0.709    -0.332     0.783     5.882
    10.100    -0.700    -0.341     0.779     5.936
    10.110    -0.691    -0.349     0.774     5.992
    10.120    -0.681    -0.357     0.769     6.049
    10.130    -0.671    -0.365     0.764     6.109
    10.140    -0.661    -0.373     0.759     6.170
    10.150    -0.650    -0.381     0.754     6.234
    10.160    -0.639    -0.389     0.748     6.300
    10.170    -0.628    -0.396     0.743     6.367
    10.180    -0.617    -0.403     0.737     6.437
    10.190    -0.605    -0.410     0.731     6.509
    10.200    -0.593    -0.417     0.725     6.583
    10.210    -0.580    -0.424     0.719     6.659
    10.220    -0.568    -0.430     0.712     6.738
    10.230    -0.555    -0.437     0.706     6.819
    10.240    -0.542    -0.443     0.699     6.903
    10.250    -0.528    -0.448     0.693     6.989
    10.260    -0.514    -0.454     0.686     7.077
    10.270    -0.500    -0.459     0.678     7.168
    10.280    -0.485    -0.464     0.671     7.262
    10.290    -0.470    -0.468     0.664     7.359
    10.300    -0.455    -0.473     0.656     7.459
    10.310    -0.440    -0.477     0.648     7.562
    10.320    -0.424    -0.480     0.641     7.668
    10.330    -0.408    -0.483     0.633     7.777
    10.340    -0.392    -0.486     0.624     7.889
    10.350    -0.375    -0.489     0.616     8.006
    10.360    -0.358    -0.491     0.608     8.125
    10.370    -0.341    -0.493     0.599     8.249
    10.380    -0.323    -0.494     0.590     8.376
    10.390    -0.305    -0.495     0.581     8.508
    10.400    -0.287    -0.495     0.572     8.643
    10.410    -0.268    -0.495     0.563     8.783
    10.420    -0.249    -0.494     0.553     8.928
    10.430    -0.230    -0.493     0.544     9.078
    10.440    -0.211    -0.491     0.534     9.232
    10.450    -0.191    -0.488     0.524     9.392
    10.460    -0.171    -0.485     0.514     9.557
    10.470    -0.151    -0.481     0.504     9.728
    10.480    -0.131    -0.476     0.494     9.904
    10.490    -0.110    -0.471     0.484    10.087
    10.500    -0.090    -0.465     0.473    10.275
    10.510    -0.069    -0.458     0.463    10.470
    10.520    -0.048    -0.450     0.452    10.672
    10.530    -0.026    -0.441     0.442    10.880
    10.540    -0.005    -0.431     0.431    11.095
    10.550     0.016    -0.420     0.421    11.317
    10.560     0.037    -0.408     0.410    11.545
    10.570     0.058    -0.395     0.399    11.779
    10.580     0.079    -0.381     0.389    12.020
    10.590     0.100    -0.365     0.379    12.266
    10.600     0.120    -0.348     0.368    12.516
    10.610     0.140    -0.330     0.359    12.770
    10.620     0.159    -0.310     0.349    13.026
    10.630     0.178    -0.289     0.340    13.282
    10.640     0.195    -0.267     0.331    13.536
    10.650     0.212    -0.243     0.323    13.785
    10.660     0.227    -0.218     0.315    14.024
    10.670     0.241    -0.191     0.308    14.252
    10.680     0.254    -0.163     0.302    14.461
    10.690     0.264    -0.134     0.296    14.649
    10.700     0.273    -0.104     0.292    14.810
    10.710     0.279    -0.073     0.289    14.939
    10.720     0.284    -0.042     0.287    15.032
    10.730     0.286    -0.010     0.286    15.086
    10.740     0.285     0.022     0.286    15.099
    10.750     0.282     0.053     0.287    15.071
    10.760     0.277     0.085     0.290    15.002
    10.770     0.270     0.115     0.294    14.896
    10.780     0.261     0.145     0.298    14.754
    10.790     0.249     0.174     0.304    14.583
    10.800     0.236     0.201     0.310    14.387
    10.810     0.222     0.227     0.318    14.170
    10.820     0.206     0.252     0.326    13.938
    10.830     0.189     0.275     0.334    13.694
    10.840     0.171     0.297     0.343    13.443
    10.850     0.152     0.318     0.352    13.188
    10.860     0.133     0.337     0.362    12.932
    10.870     0.113     0.355     0.372    12.677
    10.880     0.092     0.371     0.382    12.424
    10.890     0.072     0.386     0.393    12.175
    10.900     0.051     0.400     0.403    11.931
    10.910     0.030     0.413     0.414    11.692
    10.920     0.008     0.424     0.424    11.460
    10.930    -0.013     0.435     0.435    11.234
    10.940    -0.034     0.444     0.446    11.015
    10.950    -0.055     0.453     0.456    10.803
    10.960    -0.076     0.460     0.467    10.597
    10.970    -0.097     0.467     0.477    10.398
    10.980    -0.118     0.473     0.488    10.205
    10.990    -0.138     0.478     0.498    10.019
    11.000    -0.159     0.482     0.508     9.839
    11.010    -0.179     0.486     0.518     9.664
    11.020    -0.199     0.489     0.528     9.496
    11.030    -0.218     0.491     0.538     9.333
    11.040    -0.237     0.493     0.547     9.175
    11.050    -0.256     0.494     0.557     9.022
    11.060    -0.275     0.495     0.566     8.874
    11.070    -0.294     0.495     0.575     8.731
    11.080    -0.312     0.494     0.584     8.593
    11.090    -0.329     0.493     0.593     8.459
    11.100    -0.347     0.492     0.602     8.329
    11.110    -0.364     0.490     0.611     8.203
    11.120    -0.381     0.488     0.619     8.081
    11.130    -0.398     0.485     0.627     7.963
    11.140    -0.414     0.482     0.636     7.848
    11.150    -0.430     0.479     0.644     7.736
    11.160    -0.446     0.475     0.651     7.628
    11.170    -0.461     0.471     0.659     7.524
    11.180    -0.476     0.467     0.667     7.422
    11.190    -0.491     0.462     0.674     7.323
    11.200    -0.505     0.457     0.681     7.228
    11.210    -0.519     0.452     0.688     7.135
    11.220    -0.533     0.446     0.695     7.044
    11.230    -0.546     0.440     0.702     6.957
    11.240    -0.560     0.434     0.708     6.872
    11.250    -0.572     0.428     0.715     6.789
    11.260    -0.585     0.422     0.721     6.709
    11.270    -0.597     0.415     0.727     6.631
    11.280    -0.609     0.408     0.733     6.555
    11.290    -0.621     0.401     0.739     6.482
    11.300    -0.632     0.393     0.745     6.411
    11.310    -0.643     0.386     0.750     6.342
    11.320    -0.654     0.378     0.756     6.275
    11.330    -0.665     0.370     0.761     6.210
    11.340    -0.675     0.362     0.766     6.148
    11.350    -0.685     0.354     0.771     6.087
    11.360    -0.694     0.346     0.776     6.028
    11.370    -0.704     0.337     0.780     5.971
    11.380    -0.713     0.329     0.785     5.916
    11.390    -0.722     0.320     0.789     5.862
    11.400    -0.730     0.311     0.794     5.811
    11.410    -0.738     0.302     0.798     5.761
    11.420    -0.746     0.293     0.802     5.713
    11.430    -0.754     0.284     0.805     5.667
    11.440    -0.761     0.275     0.809     5.623
    11.450    -0.768     0.265     0.813     5.580
    11.460    -0.775     0.256     0.816     5.539
    11.470    -0.781     0.246     0.819     5.500
    11.480    -0.788     0.236     0.822     5.462
    11.490    -0.794     0.227     0.825     5.426
    11.500    -0.799     0.217     0.828     5.391
    11.510    -0.805     0.207     0.831     5.359
    11.520    -0.810     0.197     0.834     5.327
    11.530    -0.815     0.187     0.836     5.298
    11.540    -0.819     0.177     0.838     5.270
    11.550    -0.824     0.167     0.840     5.244
    11.560    -0.828     0.156     0.843     5.219
    11.570    -0.832     0.146     0.844     5.196
    11.580    -0.835     0.136     0.846     5.174
    11.590    -0.838     0.125     0.848     5.154
    11.600    -0.842     0.115     0.849     5.136
    11.610    -0.844     0.105     0.851     5.119
    11.620    -0.847     0.094     0.852     5.103
    11.630    -0.849     0.084     0.853     5.090
    11.640    -0.851     0.073     0.854     5.077
    11.650    -0.853     0.062     0.855     5.067
    11.660    -0.854     0.052     0.856     5.058
    11.670    -0.855     0.041     0.856     5.050
    11.680    -0.856     0.031     0.857     5.044
    11.690    -0.857     0.020     0.857     5.039
    11.700    -0.857     0.009     0.857     5.037
    11.710    -0.857    -0.001     0.857     5.035
    11.720    -0.857    -0.012     0.857     5.035
    11.730    -0.857    -0.022     0.857     5.037
    11.740    -0.856    -0.033     0.857     5.040
    11.750    -0.855    -0.044     0.856     5.045
    11.760    -0.854    -0.054     0.855     5.051
    11.770    -0.852    -0.065     0.855     5.059
    11.780    -0.850    -0.075     0.854     5.069
    11.790    -0.848    -0.086     0.853     5.080
    11.800    -0.846    -0.096     0.852     5.092
    11.810    -0.844    -0.107     0.850     5.107
    11.820    -0.841    -0.117     0.849     5.122
    11.830    -0.838    -0.128     0.847     5.139
    11.840    -0.834    -0.138     0.846     5.158
    11.850    -0.831    -0.148     0.844     5.179
    11.860    -0.827    -0.159     0.842     5.201
    11.870    -0.823    -0.169     0.840     5.224
    11.880    -0.818    -0.179     0.838     5.249
    11.890    -0.814    -0.189     0.835     5.276
    11.900    -0.809    -0.199     0.833     5.304
    11.910    -0.804    -0.209     0.830     5.334
    11.920    -0.798    -0.219     0.828     5.366
    11.930    -0.792    -0.229     0.825     5.399
    11.940    -0.786    -0.239     0.822     5.434
    11.950    -0.780    -0.248     0.819     5.470
    11.960    -0.773    -0.258     0.815     5.508
    11.970    -0.767    -0.267     0.812     5.548
    11.980    -0.759    -0.277     0.808     5.589
    11.990    -0.752    -0.286     0.805     5.632
    12.000    -0.744    -0.295     0.801     5.677
    12.010    -0.736    -0.304     0.797     5.724
    12.020    -0.728    -0.313     0.793     5.772
    12.030    -0.720    -0.322     0.788     5.822
    12.040    -0.711    -0.331     0.784     5.874
    12.050    -0.702    -0.339     0.779     5.928
    12.060    -0.692    -0.348     0.775     5.983
    12.070    -0.683    -0.356     0.770     6.041
    12.080    -0.673    -0.364     0.765     6.100
    12.090    -0.662    -0.372     0.760     6.161
    12.100    -0.652    -0.380     0.754     6.224
    12.110    -0.641    -0.388     0.749     6.290
    12.120    -0.630    -0.395     0.744     6.357
    12.130    -0.618    -0.402     0.738     6.426
    12.140    -0.607    -0.409     0.732     6.498
    12.150    -0.595    -0.416     0.726     6.572
    12.160    -0.582    -0.423     0.720     6.648
    12.170    -0.570    -0.429     0.713     6.726
    12.180    -0.557    -0.436     0.707     6.807
    12.190    -0.544    -0.442     0.700     6.890
    12.200    -0.530    -0.447     0.694     6.976
    12.210    -0.516    -0.453     0.687     7.064
    12.220    -0.502    -0.458     0.680     7.155
    12.230    -0.487    -0.463     0.672     7.248
    12.240    -0.473    -0.468     0.665     7.345
    12.250    -0.458    -0.472     0.657     7.444
    12.260    -0.442    -0.476     0.650     7.546
    12.270    -0.426    -0.480     0.642     7.652
    12.280    -0.410    -0.483     0.634     7.761
    12.290    -0.394    -0.486     0.626     7.873
    12.300    -0.377    -0.488     0.617     7.988
    12.310    -0.360    -0.491     0.609     8.107
    12.320    -0.343    -0.492     0.600     8.230
    12.330    -0.326    -0.494     0.591     8.357
    12.340    -0.308    -0.495     0.582     8.488
    12.350    -0.290    -0.495     0.573     8.623
    12.360    -0.271    -0.495     0.564     8.762
    12.370    -0.252    -0.494     0.555     8.906
    12.380    -0.233    -0.493     0.545     9.055
    12.390    -0.214    -0.491     0.535     9.209
    12.400    -0.194    -0.488     0.526     9.368
    12.410    -0.174    -0.485     0.516     9.532
    12.420    -0.154    -0.482     0.506     9.702
    12.430    -0.134    -0.477     0.496     9.878
    12.440    -0.113    -0.472     0.485    10.059
    12.450    -0.093    -0.466     0.475    10.247
    12.460    -0.072    -0.459     0.464    10.441
    12.470    -0.051    -0.451     0.454    10.642
    12.480    -0.029    -0.442     0.443    10.849
    12.490    -0.008    -0.433     0.433    11.063
    12.500     0.013    -0.422     0.422    11.283
    12.510     0.034    -0.410     0.411    11.510
    12.520     0.055    -0.397     0.401    11.744
    12.530     0.076    -0.383     0.390    11.984
    12.540     0.097    -0.368     0.380    12.229
    12.550     0.117    -0.351     0.370    12.479
    12.560     0.137    -0.333     0.360    12.732
    12.570     0.157    -0.313     0.350    12.988
    12.580     0.175    -0.293     0.341    13.244
    12.590     0.193    -0.270     0.332    13.499
    12.600     0.210    -0.247     0.324    13.748
    12.610     0.225    -0.222     0.316    13.990
    12.620     0.239    -0.195     0.309    14.219
    12.630     0.252    -0.167     0.303    14.432
    12.640     0.263    -0.139     0.297    14.623
    12.650     0.272    -0.109     0.293    14.788
    12.660     0.279    -0.078     0.289    14.922
    12.670     0.283    -0.047     0.287    15.021
    12.680     0.285    -0.015     0.286    15.081
    12.690     0.285     0.017     0.286    15.100
    12.700     0.283     0.049     0.287    15.078
    12.710     0.278     0.080     0.289    15.015
    12.720     0.271     0.111     0.293    14.914
    12.730     0.262     0.141     0.297    14.777
    12.740     0.251     0.169     0.303    14.610
    12.750     0.238     0.197     0.309    14.417
    12.760     0.224     0.223     0.316    14.203
    12.770     0.209     0.248     0.324    13.973
    12.780     0.192     0.272     0.333    13.731
    12.790     0.174     0.294     0.342    13.481
    12.800     0.155     0.315     0.351    13.226
    12.810     0.136     0.334     0.361    12.970
    12.820     0.116     0.352     0.371    12.714
    12.830     0.095     0.369     0.381    12.461
    12.840     0.075     0.384     0.391    12.211
    12.850     0.054     0.398     0.402    11.967
    12.860     0.033     0.411     0.412    11.727
    12.870     0.011     0.423     0.423    11.494
    12.880    -0.010     0.433     0.433    11.268
    12.890    -0.031     0.443     0.444    11.047
    12.900    -0.052     0.452     0.455    10.834
    12.910    -0.073     0.459     0.465    10.627
    12.920    -0.094     0.466     0.476    10.427
    12.930    -0.115     0.472     0.486    10.233
    12.940    -0.135     0.477     0.496    10.046
    12.950    -0.156     0.482     0.506     9.865
    12.960    -0.176     0.486     0.516     9.690
    12.970    -0.196     0.489     0.526     9.520
    12.980    -0.215     0.491     0.536     9.356
    12.990    -0.235     0.493     0.546     9.198
    13.000    -0.254     0.494     0.555     9.045
    13.010    -0.272     0.495     0.565     8.896
    13.020    -0.291     0.495     0.574     8.752
    13.030    -0.309     0.494     0.583     8.613
    13.040    -0.327     0.494     0.592     8.478
    13.050    -0.344     0.492     0.601     8.348
    13.060    -0.362     0.490     0.609     8.221
    13.070    -0.379     0.488     0.618     8.099
    13.080    -0.395     0.486     0.626     7.980
    13.090    -0.412     0.483     0.634     7.865
    13.100    -0.428     0.479     0.642     7.753
    13.110    -0.443     0.476     0.650     7.644
    13.120    -0.459     0.472     0.658     7.539
    13.130    -0.474     0.467     0.665     7.437
    13.140    -0.488     0.463     0.673     7.338
    13.150    -0.503     0.458     0.680     7.242
    13.160    -0.517     0.452     0.687     7.148
    13.170    -0.531     0.447     0.694     7.058
    13.180    -0.544     0.441     0.701     6.970
    13.190    -0.558     0.435     0.707     6.884
    13.200    -0.571     0.429     0.714     6.801
    13.210    -0.583     0.423     0.720     6.721
    13.220    -0.596     0.416     0.726     6.642
    13.230    -0.608     0.409     0.732     6.567
    13.240    -0.619     0.402     0.738     6.493
    13.250    -0.631     0.395     0.744     6.422
    13.260    -0.642     0.387     0.749     6.352
    13.270    -0.653     0.379     0.755     6.285
    13.280    -0.663     0.372     0.760     6.220
    13.290    -0.673     0.364     0.765     6.157
    13.300    -0.683     0.355     0.770     6.096
    13.310    -0.693     0.347     0.775     6.036
    13.320    -0.702     0.339     0.780     5.979
    13.330    -0.711     0.330     0.784     5.924
    13.340    -0.720     0.321     0.789     5.870
    13.350    -0.729     0.313     0.793     5.818
    13.360    -0.737     0.304     0.797     5.768
    13.370    -0.745     0.295     0.801     5.720
    13.380    -0.753     0.285     0.805     5.674
    13.390    -0.760     0.276     0.809     5.629
    13.400    -0.767     0.267     0.812     5.586
    13.410    -0.774     0.257     0.816     5.545
    13.420    -0.781     0.248     0.819     5.505
    13.430    -0.787     0.238     0.822     5.467
    13.440    -0.793     0.228     0.825     5.431
    13.450    -0.799     0.218     0.828     5.396
    13.460    -0.804     0.208     0.831     5.363
    13.470    -0.809     0.198     0.833     5.332
    13.480    -0.814     0.188     0.836     5.302
    13.490    -0.819     0.178     0.838     5.274
    13.500    -0.823     0.168     0.840     5.247
    13.510    -0.827     0.158     0.842     5.222
    13.520    -0.831     0.148     0.844     5.199
    13.530    -0.835     0.137     0.846     5.177
    13.540    -0.838     0.127     0.848     5.157
    13.550    -0.841     0.117     0.849     5.138
    13.560    -0.844     0.106     0.851     5.121
    13.570    -0.846     0.096     0.852     5.106
    13.580    -0.849     0.085     0.853     5.092
    13.590    -0.851     0.075     0.854     5.079
    13.600    -0.852     0.064     0.855     5.068
    13.610    -0.854     0.053     0.855     5.059
    13.620    -0.855     0.043     0.856     5.051
    13.630    -0.856     0.032     0.857     5.045
    13.640    -0.857     0.022     0.857     5.040
    13.650    -0.857     0.011     0.857     5.037
    13.660    -0.857     0.000     0.857     5.035
    13.670    -0.857    -0.010     0.857     5.035
    13.680    -0.857    -0.021     0.857     5.037
    13.690    -0.856    -0.031     0.857     5.040
    13.700    -0.855    -0.042     0.856     5.044
    13.710    -0.854    -0.053     0.856     5.050
    13.720    -0.852    -0.063     0.855     5.058
    13.730    -0.851    -0.074     0.854     5.067
    13.740    -0.849    -0.084     0.853     5.078
    13.750    -0.847    -0.095     0.852     5.090
    13.760    -0.844    -0.105     0.851     5.104
    13.770    -0.841    -0.116     0.849     5.120
    13.780    -0.838    -0.126     0.848     5.137
    13.790    -0.835    -0.136     0.846     5.155
    13.800    -0.831    -0.147     0.844     5.176
    13.810    -0.828    -0.157     0.842     5.197
    13.820    -0.823    -0.167     0.840     5.221
    13.830    -0.819    -0.177     0.838     5.245
    13.840    -0.815    -0.188     0.836     5.272
    13.850    -0.810    -0.198     0.833     5.300
    13.860    -0.804    -0.208     0.831     5.330
    13.870    -0.799    -0.218     0.828     5.361
    13.880    -0.793    -0.227     0.825     5.394
    13.890    -0.787    -0.237     0.822     5.428
    13.900    -0.781    -0.247     0.819     5.464
    13.910    -0.774    -0.256     0.816     5.502
    13.920    -0.768    -0.266     0.812     5.542
    13.930    -0.761    -0.275     0.809     5.583
    13.940    -0.753    -0.285     0.805     5.626
    13.950    -0.746    -0.294     0.801     5.670
    13.960    -0.738    -0.303     0.797     5.717
    13.970    -0.729    -0.312     0.793     5.765
    13.980    -0.721    -0.321     0.789     5.814
    13.990    -0.712    -0.329     0.785     5.866
    14.000    -0.703    -0.338     0.780     5.920
    14.010    -0.694    -0.346     0.775     5.975
    14.020    -0.684    -0.355     0.771     6.032
    14.030    -0.674    -0.363     0.766     6.091
    14.040    -0.664    -0.371     0.761     6.152
    14.050    -0.653    -0.379     0.755     6.215
    14.060    -0.643    -0.386     0.750     6.280
    14.070    -0.632    -0.394     0.744     6.347
    14.080    -0.620    -0.401     0.739     6.416
    14.090    -0.608    -0.408     0.733     6.487
    14.100    -0.596    -0.415     0.727     6.561
    14.110    -0.584    -0.422     0.721     6.636
    14.120    -0.572    -0.428     0.714     6.714
    14.130    -0.559    -0.435     0.708     6.795
    14.140    -0.545    -0.441     0.701     6.877
    14.150    -0.532    -0.447     0.695     6.963
    14.160    -0.518    -0.452     0.688     7.051
    14.170    -0.504    -0.457     0.681     7.141
    14.180    -0.490    -0.462     0.673     7.234
    14.190    -0.475    -0.467     0.666     7.330
    14.200    -0.460    -0.471     0.658     7.429
    14.210    -0.444    -0.475     0.651     7.531
    14.220    -0.429    -0.479     0.643     7.636
    14.230    -0.413    -0.482     0.635     7.744
    14.240    -0.397    -0.485     0.627     7.856
    14.250    -0.380    -0.488     0.619     7.971
    14.260    -0.363    -0.490     0.610     8.089
    14.270    -0.346    -0.492     0.601     8.212
    14.280    -0.328    -0.494     0.593     8.338
    14.290    -0.310    -0.494     0.584     8.468
    14.300    -0.292    -0.495     0.575     8.603
    14.310    -0.274    -0.495     0.565     8.741
    14.320    -0.255    -0.494     0.556     8.885
    14.330    -0.236    -0.493     0.547     9.033
    14.340    -0.217    -0.491     0.537     9.186
    14.350    -0.197    -0.489     0.527     9.344
    14.360    -0.177    -0.486     0.517     9.507
    14.370    -0.157    -0.482     0.507     9.676
    14.380    -0.137    -0.478     0.497     9.851
    14.390    -0.116    -0.473     0.487    10.032
    14.400    -0.096    -0.467     0.476    10.219
    14.410    -0.075    -0.460     0.466    10.412
    14.420    -0.054    -0.452     0.455    10.611
    14.430    -0.033    -0.444     0.445    10.818
    14.440    -0.011    -0.434     0.434    11.030
    14.450     0.010    -0.424     0.424    11.250
    14.460     0.031    -0.412     0.413    11.476
    14.470     0.052    -0.399     0.402    11.709
    14.480     0.073    -0.385     0.392    11.948
    14.490     0.094    -0.370     0.382    12.192
    14.500     0.114    -0.353     0.371    12.441
    14.510     0.134    -0.336     0.361    12.694
    14.520     0.154    -0.316     0.352    12.950
    14.530     0.172    -0.296     0.342    13.206
    14.540     0.190    -0.274     0.333    13.461
    14.550     0.207    -0.250     0.325    13.712
    14.560     0.223    -0.225     0.317    13.954
    14.570     0.237    -0.199     0.310    14.186
    14.580     0.250    -0.172     0.303    14.401
    14.590     0.261    -0.143     0.298    14.596
    14.600     0.271    -0.113     0.293    14.765
    14.610     0.278    -0.083     0.290    14.904
    14.620     0.283    -0.051     0.287    15.008
    14.630     0.285    -0.020     0.286    15.074
    14.640     0.286     0.012     0.286    15.100
    14.650     0.283     0.044     0.287    15.084
    14.660     0.279     0.075     0.289    15.027
    14.670     0.272     0.106     0.292    14.931
    14.680     0.264     0.136     0.297    14.800
    14.690     0.253     0.165     0.302    14.637
    14.700     0.240     0.193     0.308    14.447
    14.710     0.226     0.220     0.315    14.236
    14.720     0.211     0.245     0.323    14.008
    14.730     0.194     0.269     0.331    13.767
    14.740     0.177     0.291     0.340    13.518
    14.750     0.158     0.312     0.350    13.264
    14.760     0.139     0.331     0.359    13.008
    14.770     0.119     0.349     0.369    12.752
    14.780     0.099     0.366     0.379    12.498
    14.790     0.078     0.382     0.390    12.248
    14.800     0.057     0.396     0.400    12.003
    14.810     0.036     0.409     0.411    11.763
    14.820     0.015     0.421     0.421    11.528
    14.830    -0.007     0.432     0.432    11.301
    14.840    -0.028     0.442     0.442    11.080
    14.850    -0.049     0.450     0.453    10.865
    14.860    -0.070     0.458     0.464    10.658
    14.870    -0.091     0.465     0.474    10.456
    14.880    -0.112     0.471     0.484    10.262
    14.890    -0.132     0.477     0.495    10.074
    14.900    -0.153     0.481     0.505     9.892
    14.910    -0.173     0.485     0.515     9.715
    14.920    -0.193     0.488     0.525     9.545
    14.930    -0.212     0.491     0.535     9.380
    14.940    -0.232     0.493     0.544     9.221
    14.950    -0.251     0.494     0.554     9.067
    14.960    -0.270     0.495     0.563     8.918
    14.970    -0.288     0.495     0.573     8.773
    14.980    -0.306     0.495     0.582     8.634
    14.990    -0.324     0.494     0.591     8.498
    15.000    -0.342     0.492     0.599     8.367
    15.010    -0.359     0.491     0.608     8.240
    15.020    -0.376     0.489     0.617     8.117
    15.030    -0.393     0.486     0.625     7.997
    15.040    -0.409     0.483     0.633     7.881
    15.050    -0.425     0.480     0.641     7.769
    15.060    -0.441     0.476     0.649     7.660
    15.070    -0.456     0.472     0.657     7.554
    15.080    -0.472     0.468     0.664     7.452
    15.090    -0.486     0.463     0.672     7.352
    15.100    -0.501     0.458     0.679     7.256
    15.110    -0.515     0.453     0.686     7.162
    15.120    -0.529     0.448     0.693     7.071
    15.130    -0.542     0.442     0.700     6.982
    15.140    -0.556     0.436     0.706     6.897
    15.150    -0.569     0.430     0.713     6.813
    15.160    -0.581     0.423     0.719     6.732
    15.170    -0.594     0.417     0.725     6.654
    15.180    -0.606     0.410     0.731     6.578
    15.190    -0.618     0.403     0.737     6.504
    15.200    -0.629     0.396     0.743     6.432
    15.210    -0.640     0.388     0.749     6.362
    15.220    -0.651     0.381     0.754     6.295
    15.230    -0.662     0.373     0.759     6.229
    15.240    -0.672     0.365     0.765     6.166
    15.250    -0.682     0.357     0.770     6.105
    15.260    -0.692     0.348     0.774     6.045
    15.270    -0.701     0.340     0.779     5.988
    15.280    -0.710     0.331     0.784     5.932
    15.290    -0.719     0.323     0.788     5.878
    15.300    -0.728     0.314     0.792     5.826
    15.310    -0.736     0.305     0.796     5.776
    15.320    -0.744     0.296     0.800     5.727
    15.330    -0.751     0.287     0.804     5.681
    15.340    -0.759     0.277     0.808     5.636
    15.350    -0.766     0.268     0.812     5.592
    15.360    -0.773     0.259     0.815     5.551
    15.370    -0.780     0.249     0.818     5.511
    15.380    -0.786     0.239     0.822     5.473
    15.390    -0.792     0.230     0.825     5.436
    15.400    -0.798     0.220     0.827     5.401
    15.410    -0.803     0.210     0.830     5.368
    15.420    -0.808     0.200     0.833     5.337
    15.430    -0.813     0.190     0.835     5.307
    15.440    -0.818     0.180     0.838     5.278
    15.450    -0.823     0.170     0.840     5.251
    15.460    -0.827     0.159     0.842     5.226
    15.470    -0.831     0.149     0.844     5.202
    15.480    -0.834     0.139     0.846     5.180
    15.490    -0.838     0.128     0.847     5.160
    15.500    -0.841     0.118     0.849     5.141
    15.510    -0.843     0.108     0.850     5.124
    15.520    -0.846     0.097     0.852     5.108
    15.530    -0.848     0.087     0.853     5.093
    15.540    -0.850     0.076     0.854     5.081
    15.550    -0.852     0.066     0.855     5.070
    15.560    -0.854     0.055     0.855     5.060
    15.570    -0.855     0.044     0.856     5.052
    15.580    -0.856     0.034     0.856     5.046
    15.590    -0.857     0.023     0.857     5.041
    15.600    -0.857     0.013     0.857     5.037
    15.610    -0.857     0.002     0.857     5.035
    15.620    -0.857    -0.009     0.857     5.035
    15.630    -0.857    -0.019     0.857     5.036
    15.640    -0.856    -0.030     0.857     5.039
    15.650    -0.855    -0.040     0.856     5.044
    15.660    -0.854    -0.051     0.856     5.049
    15.670    -0.853    -0.062     0.855     5.057
    15.680    -0.851    -0.072     0.854     5.066
    15.690    -0.849    -0.083     0.853     5.076
    15.700    -0.847    -0.093     0.852     5.089
    15.710    -0.844    -0.104     0.851     5.102
    15.720    -0.842    -0.114     0.849     5.117
    15.730    -0.839    -0.125     0.848     5.134
    15.740    -0.835    -0.135     0.846     5.153
    15.750    -0.832    -0.145     0.845     5.172
    15.760    -0.828    -0.156     0.843     5.194
    15.770    -0.824    -0.166     0.841     5.217
    15.780    -0.820    -0.176     0.838     5.242
    15.790    -0.815    -0.186     0.836     5.268
    15.800    -0.810    -0.196     0.834     5.296
    15.810    -0.805    -0.206     0.831     5.325
    15.820    -0.800    -0.216     0.828     5.356
    15.830    -0.794    -0.226     0.826     5.389
    15.840    -0.788    -0.236     0.823     5.423
    15.850    -0.782    -0.245     0.820     5.459
    15.860    -0.775    -0.255     0.816     5.497
    15.870    -0.769    -0.264     0.813     5.536
    15.880    -0.762    -0.274     0.809     5.577
    15.890    -0.754    -0.283     0.806     5.619
    15.900    -0.747    -0.292     0.802     5.664
    15.910    -0.739    -0.302     0.798     5.710
    15.920    -0.731    -0.311     0.794     5.757
    15.930    -0.722    -0.319     0.790     5.807
    15.940    -0.713    -0.328     0.785     5.858
    15.950    -0.704    -0.337     0.781     5.911
    15.960    -0.695    -0.345     0.776     5.966
    15.970    -0.686    -0.354     0.771     6.023
    15.980    -0.676    -0.362     0.766     6.082
    15.990    -0.665    -0.370     0.761     6.143
    16.000    -0.655    -0.378     0.756     6.205
