     0.000    -0.571    -0.000     0.571     0.000
     0.010    -0.571    -0.018     0.571     8.721
     0.020    -0.570    -0.037     0.571     8.721
     0.030    -0.569    -0.055     0.571     8.721
     0.040    -0.567    -0.073     0.571     8.721
     0.050    -0.564    -0.092     0.571     8.721
     0.060    -0.561    -0.110     0.571     8.721
     0.070    -0.557    -0.128     0.571     8.721
     0.080    -0.553    -0.146     0.571     8.721
     0.090    -0.548    -0.163     0.571     8.721
     0.100    -0.542    -0.181     0.571     8.721
     0.110    -0.536    -0.198     0.571     8.721
     0.120    -0.529    -0.215     0.571     8.721
     0.130    -0.522    -0.232     0.571     8.721
     0.140    -0.514    -0.249     0.571     8.721
     0.150    -0.506    -0.265     0.571     8.721
     0.160    -0.497    -0.282     0.571     8.721
     0.170    -0.488    -0.297     0.571     8.721
     0.180    -0.478    -0.313     0.571     8.721
     0.190    -0.468    -0.328     0.571     8.721
     0.200    -0.457    -0.343     0.571     8.721
     0.210    -0.446    -0.358     0.571     8.721
     0.220    -0.434    -0.372     0.571     8.721
     0.230    -0.422    -0.386     0.571     8.721
     0.240    -0.409    -0.399     0.571     8.721
     0.250    -0.396    -0.412     0.571     8.721
     0.260    -0.383    -0.424     0.571     8.721
     0.270    -0.369    -0.437     0.571     8.721
     0.280    -0.355    -0.448     0.571     8.721
     0.290    -0.340    -0.459     0.571     8.721
     0.300    -0.325    -0.470     0.571     8.721
     0.310    -0.310    -0.480     0.571     8.721
     0.320    -0.294    -0.490     0.571     8.721
     0.330    -0.278    -0.499     0.571     8.721
     0.340    -0.262    -0.508     0.571     8.721
     0.350    -0.245    -0.516     0.571     8.721
     0.360    -0.229    -0.524     0.571     8.721
     0.370    -0.212    -0.531     0.571     8.721
     0.380    -0.194    -0.537     0.571     8.721
     0.390    -0.177    -0.543     0.571     8.721
     0.400    -0.160    -0.549     0.571     8.721
     0.410    -0.142    -0.554     0.571     8.721
     0.420    -0.124    -0.558     0.571     8.721
     0.430    -0.106    -0.562     0.571     8.721
     0.440    -0.088    -0.565     0.571     8.721
     0.450    -0.070    -0.567     0.571     8.721
     0.460    -0.051    -0.569     0.571     8.721
     0.470    -0.033    -0.570     0.571     8.721
     0.480    -0.014    -0.571     0.571     8.721
     0.490     0.004    -0.571     0.571     8.721
     0.500     0.022    -0.571     0.571     8.721
     0.510     0.041    -0.570     0.571     8.721
     0.520     0.059    -0.568     0.571     8.721
     0.530     0.077    -0.566     0.571     8.721
     0.540     0.095    -0.563     0.571     8.721
     0.550     0.114    -0.560     0.571     8.721
     0.560     0.132    -0.556     0.571     8.721
     0.570     0.149    -0.552     0.571     8.721
     0.580     0.167    -0.546     0.571     8.721
     0.590     0.185    -0.541     0.571     8.721
     0.600     0.202    -0.535     0.571     8.721
     0.610     0.219    -0.528     0.571     8.721
     0.620     0.236    -0.520     0.571     8.721
     0.630     0.252    -0.513     0.571     8.721
     0.640     0.269    -0.504     0.571     8.721
     0.650     0.285    -0.495     0.571     8.721
     0.660     0.301    -0.486     0.571     8.721
     0.670     0.316    -0.476     0.571     8.721
     0.680     0.331    -0.466     0.571     8.721
     0.690     0.346    -0.455     0.571     8.721
     0.700     0.361    -0.443     0.571     8.721
     0.710     0.375    -0.431     0.571     8.721
     0.720     0.388    -0.419     0.571     8.721
     0.730     0.402    -0.406     0.571     8.721
     0.740     0.415    -0.393     0.571     8.721
     0.750     0.427    -0.380     0.571     8.721
     0.760     0.439    -0.366     0.571     8.721
     0.770     0.451    -0.351     0.571     8.721
     0.780     0.462    -0.337     0.571     8.721
     0.790     0.472    -0.322     0.571     8.721
     0.800     0.482    -0.306     0.571     8.721
     0.810     0.492    -0.291     0.571     8.721
     0.820     0.501    -0.275     0.571     8.721
     0.830     0.510    -0.258     0.571     8.721
     0.840     0.518    -0.242     0.571     8.721
     0.850     0.525    -0.225     0.571     8.721
     0.860     0.532    -0.208     0.571     8.721
     0.870     0.539    -0.191     0.571     8.721
     0.880     0.544    -0.173     0.571     8.721
     0.890     0.550    -0.156     0.571     8.721
     0.900     0.555    -0.138     0.571     8.721
     0.910     0.559    -0.120     0.571     8.721
     0.920     0.562    -0.102     0.571     8.721
     0.930     0.565    -0.084     0.571     8.721
     0.940     0.568    -0.066     0.571     8.721
     0.950     0.569    -0.047     0.571     8.721
     0.960     0.571    -0.029     0.571     8.721
     0.970     0.571    -0.011     0.571     8.721
     0.980     0.571     0.008     0.571     8.721
     0.990     0.571     0.026     0.571     8.721
     1.000     0.570     0.045     0.571     8.721
     1.010     0.568     0.063     0.571     8.721
     1.020     0.566     0.081     0.571     8.721
     1.030     0.563     0.099     0.571     8.721
     1.040     0.559     0.117     0.571     8.721
     1.050     0.555     0.135     0.571     8.721
     1.060     0.551     0.153     0.571     8.721
     1.070     0.545     0.171     0.571     8.721
     1.080     0.540     0.188     0.571     8.721
     1.090     0.533     0.206     0.571     8.721
     1.100     0.526     0.223     0.571     8.721
     1.110     0.519     0.239     0.571     8.721
     1.120     0.511     0.256     0.571     8.721
     1.130     0.502     0.272     0.571     8.721
     1.140     0.493     0.288     0.571     8.721
     1.150     0.484     0.304     0.571     8.721
     1.160     0.474     0.319     0.571     8.721
     1.170     0.463     0.335     0.571     8.721
     1.180     0.452     0.349     0.571     8.721
     1.190     0.441     0.364     0.571     8.721
     1.200     0.429     0.378     0.571     8.721
     1.210     0.416     0.391     0.571     8.721
     1.220     0.404     0.404     0.571     8.721
     1.230     0.390     0.417     0.571     8.721
     1.240     0.377     0.430     0.571     8.721
     1.250     0.363     0.442     0.571     8.721
     1.260     0.348     0.453     0.571     8.721
     1.270     0.334     0.464     0.571     8.721
     1.280     0.318     0.474     0.571     8.721
     1.290     0.303     0.484     0.571     8.721
     1.300     0.287     0.494     0.571     8.721
     1.310     0.271     0.503     0.571     8.721
     1.320     0.255     0.511     0.571     8.721
     1.330     0.238     0.519     0.571     8.721
     1.340     0.221     0.527     0.571     8.721
     1.350     0.204     0.534     0.571     8.721
     1.360     0.187     0.540     0.571     8.721
     1.370     0.170     0.546     0.571     8.721
     1.380     0.152     0.551     0.571     8.721
     1.390     0.134     0.555     0.571     8.721
     1.400     0.116     0.559     0.571     8.721
     1.410     0.098     0.563     0.571     8.721
     1.420     0.080     0.566     0.571     8.721
     1.430     0.062     0.568     0.571     8.721
     1.440     0.043     0.570     0.571     8.721
     1.450     0.025     0.571     0.571     8.721
     1.460     0.007     0.571     0.571     8.721
     1.470    -0.012     0.571     0.571     8.721
     1.480    -0.030     0.571     0.571     8.721
     1.490    -0.048     0.569     0.571     8.721
     1.500    -0.067     0.568     0.571     8.721
     1.510    -0.085     0.565     0.571     8.721
     1.520    -0.103     0.562     0.571     8.721
     1.530    -0.121     0.558     0.571     8.721
     1.540    -0.139     0.554     0.571     8.721
     1.550    -0.157     0.549     0.571     8.721
     1.560    -0.175     0.544     0.571     8.721
     1.570    -0.192     0.538     0.571     8.721
     1.580    -0.209     0.532     0.571     8.721
     1.590    -0.226     0.525     0.571     8.721
     1.600    -0.243     0.517     0.571     8.721
     1.610    -0.259     0.509     0.571     8.721
     1.620    -0.276     0.501     0.571     8.721
     1.630    -0.292     0.491     0.571     8.721
     1.640    -0.307     0.482     0.571     8.721
     1.650    -0.323     0.472     0.571     8.721
     1.660    -0.338     0.461     0.571     8.721
     1.670    -0.352     0.450     0.571     8.721
     1.680    -0.367     0.438     0.571     8.721
     1.690    -0.381     0.426     0.571     8.721
     1.700    -0.394     0.414     0.571     8.721
     1.710    -0.407     0.401     0.571     8.721
     1.720    -0.420     0.388     0.571     8.721
     1.730    -0.432     0.374     0.571     8.721
     1.740    -0.444     0.360     0.571     8.721
     1.750    -0.455     0.345     0.571     8.721
     1.760    -0.466     0.330     0.571     8.721
     1.770    -0.477     0.315     0.571     8.721
     1.780    -0.487     0.300     0.571     8.721
     1.790    -0.496     0.284     0.571     8.721
     1.800    -0.505     0.268     0.571     8.721
     1.810    -0.513     0.251     0.571     8.721
     1.820    -0.521     0.235     0.571     8.721
     1.830    -0.528     0.218     0.571     8.721
     1.840    -0.535     0.201     0.571     8.721
     1.850    -0.541     0.183     0.571     8.721
     1.860    -0.547     0.166     0.571     8.721
     1.870    -0.552     0.148     0.571     8.721
     1.880    -0.556     0.130     0.571     8.721
     1.890    -0.560     0.112     0.571     8.721
     1.900    -0.564     0.094     0.571     8.721
     1.910    -0.566     0.076     0.571     8.721
     1.920    -0.568     0.058     0.571     8.721
     1.930    -0.570     0.039     0.571     8.721
     1.940    -0.571     0.021     0.571     8.721
     1.950    -0.571     0.003     0.571     8.721
     1.960    -0.571    -0.016     0.571     8.721
     1.970    -0.570    -0.034     0.571     8.721
     1.980    -0.569    -0.052     0.571     8.721
     1.990    -0.567    -0.071     0.571     8.721
     2.000    -0.564    -0.089     0.571     8.721
     2.010    -0.561    -0.107     0.571     8.721
     2.020    -0.558    -0.125     0.571     8.721
     2.030    -0.553    -0.143     0.571     8.721
     2.040    -0.548    -0.161     0.571     8.721
     2.050    -0.543    -0.178     0.571     8.721
     2.060    -0.537    -0.196     0.571     8.721
     2.070    -0.530    -0.213     0.571     8.721
     2.080    -0.523    -0.230     0.571     8.721
     2.090    -0.516    -0.246     0.571     8.721
     2.100    -0.507    -0.263     0.571     8.721
     2.110    -0.499    -0.279     0.571     8.721
     2.120    -0.489    -0.295     0.571     8.721
     2.130    -0.480    -0.311     0.571     8.721
     2.140    -0.469    -0.326     0.571     8.721
     2.150    -0.459    -0.341     0.571     8.721
     2.160    -0.447    -0.355     0.571     8.721
     2.170    -0.436    -0.370     0.571     8.721
     2.180    -0.424    -0.384     0.571     8.721
     2.190    -0.411    -0.397     0.571     8.721
     2.200    -0.398    -0.410     0.571     8.721
     2.210    -0.385    -0.423     0.571     8.721
     2.220    -0.371    -0.435     0.571     8.721
     2.230    -0.357    -0.446     0.571     8.721
     2.240    -0.342    -0.458     0.571     8.721
     2.250    -0.327    -0.468     0.571     8.721
     2.260    -0.312    -0.479     0.571     8.721
     2.270    -0.296    -0.489     0.571     8.721
     2.280    -0.280    -0.498     0.571     8.721
     2.290    -0.264    -0.507     0.571     8.721
     2.300    -0.248    -0.515     0.571     8.721
     2.310    -0.231    -0.523     0.571     8.721
     2.320    -0.214    -0.530     0.571     8.721
     2.330    -0.197    -0.536     0.571     8.721
     2.340    -0.180    -0.542     0.571     8.721
     2.350    -0.162    -0.548     0.571     8.721
     2.360    -0.144    -0.553     0.571     8.721
     2.370    -0.127    -0.557     0.571     8.721
     2.380    -0.109    -0.561     0.571     8.721
     2.390    -0.090    -0.564     0.571     8.721
     2.400    -0.072    -0.567     0.571     8.721
     2.410    -0.054    -0.569     0.571     8.721
     2.420    -0.036    -0.570     0.571     8.721
     2.430    -0.017    -0.571     0.571     8.721
     2.440     0.001    -0.571     0.571     8.721
     2.450     0.020    -0.571     0.571     8.721
     2.460     0.038    -0.570     0.571     8.721
     2.470     0.056    -0.569     0.571     8.721
     2.480     0.075    -0.567     0.571     8.721
     2.490     0.093    -0.564     0.571     8.721
     2.500     0.111    -0.561     0.571     8.721
     2.510     0.129    -0.557     0.571     8.721
     2.520     0.147    -0.552     0.571     8.721
     2.530     0.164    -0.547     0.571     8.721
     2.540     0.182    -0.542     0.571     8.721
     2.550     0.199    -0.536     0.571     8.721
     2.560     0.216    -0.529     0.571     8.721
     2.570     0.233    -0.522     0.571     8.721
     2.580     0.250    -0.514     0.571     8.721
     2.590     0.266    -0.506     0.571     8.721
     2.600     0.283    -0.497     0.571     8.721
     2.610     0.298    -0.487     0.571     8.721
     2.620     0.314    -0.477     0.571     8.721
     2.630     0.329    -0.467     0.571     8.721
     2.640     0.344    -0.456     0.571     8.721
     2.650     0.359    -0.445     0.571     8.721
     2.660     0.373    -0.433     0.571     8.721
     2.670     0.386    -0.421     0.571     8.721
     2.680     0.400    -0.408     0.571     8.721
     2.690     0.413    -0.395     0.571     8.721
     2.700     0.425    -0.382     0.571     8.721
     2.710     0.437    -0.368     0.571     8.721
     2.720     0.449    -0.354     0.571     8.721
     2.730     0.460    -0.339     0.571     8.721
     2.740     0.471    -0.324     0.571     8.721
     2.750     0.481    -0.309     0.571     8.721
     2.760     0.491    -0.293     0.571     8.721
     2.770     0.500    -0.277     0.571     8.721
     2.780     0.508    -0.261     0.571     8.721
     2.790     0.517    -0.244     0.571     8.721
     2.800     0.524    -0.228     0.571     8.721
     2.810     0.531    -0.211     0.571     8.721
     2.820     0.538    -0.193     0.571     8.721
     2.830     0.544    -0.176     0.571     8.721
     2.840     0.549    -0.158     0.571     8.721
     2.850     0.554    -0.141     0.571     8.721
     2.860     0.558    -0.123     0.571     8.721
     2.870     0.562    -0.105     0.571     8.721
     2.880     0.565    -0.087     0.571     8.721
     2.890     0.567    -0.068     0.571     8.721
     2.900     0.569    -0.050     0.571     8.721
     2.910     0.571    -0.032     0.571     8.721
     2.920     0.571    -0.013     0.571     8.721
     2.930     0.571     0.005     0.571     8.721
     2.940     0.571     0.023     0.571     8.721
     2.950     0.570     0.042     0.571     8.721
     2.960     0.568     0.060     0.571     8.721
     2.970     0.566     0.078     0.571     8.721
     2.980     0.563     0.097     0.571     8.721
     2.990     0.560     0.115     0.571     8.721
     3.000     0.556     0.133     0.571     8.721
     3.010     0.551     0.150     0.571     8.721
     3.020     0.546     0.168     0.571     8.721
     3.030     0.540     0.186     0.571     8.721
     3.040     0.534     0.203     0.571     8.721
     3.050     0.527     0.220     0.571     8.721
     3.060     0.520     0.237     0.571     8.721
     3.070     0.512     0.254     0.571     8.721
     3.080     0.504     0.270     0.571     8.721
     3.090     0.495     0.286     0.571     8.721
     3.100     0.485     0.302     0.571     8.721
     3.110     0.475     0.317     0.571     8.721
     3.120     0.465     0.332     0.571     8.721
     3.130     0.454     0.347     0.571     8.721
     3.140     0.443     0.362     0.571     8.721
     3.150     0.431     0.376     0.571     8.721
     3.160     0.418     0.389     0.571     8.721
     3.170     0.406     0.403     0.571     8.721
     3.180     0.392     0.415     0.571     8.721
     3.190     0.379     0.428     0.571     8.721
     3.200     0.365     0.440     0.571     8.721
     3.210     0.351     0.451     0.571     8.721
     3.220     0.336     0.462     0.571     8.721
     3.230     0.321     0.473     0.571     8.721
     3.240     0.305     0.483     0.571     8.721
     3.250     0.290     0.493     0.571     8.721
     3.260     0.274     0.502     0.571     8.721
     3.270     0.257     0.510     0.571     8.721
     3.280     0.241     0.518     0.571     8.721
     3.290     0.224     0.526     0.571     8.721
     3.300     0.207     0.533     0.571     8.721
     3.310     0.190     0.539     0.571     8.721
     3.320     0.172     0.545     0.571     8.721
     3.330     0.155     0.550     0.571     8.721
     3.340     0.137     0.555     0.571     8.721
     3.350     0.119     0.559     0.571     8.721
     3.360     0.101     0.562     0.571     8.721
     3.370     0.083     0.565     0.571     8.721
     3.380     0.064     0.568     0.571     8.721
     3.390     0.046     0.570     0.571     8.721
     3.400     0.028     0.571     0.571     8.721
     3.410     0.009     0.571     0.571     8.721
     3.420    -0.009     0.571     0.571     8.721
     3.430    -0.027     0.571     0.571     8.721
     3.440    -0.046     0.570     0.571     8.721
     3.450    -0.064     0.568     0.571     8.721
     3.460    -0.082     0.565     0.571     8.721
     3.470    -0.100     0.563     0.571     8.721
     3.480    -0.119     0.559     0.571     8.721
     3.490    -0.136     0.555     0.571     8.721
     3.500    -0.154     0.550     0.571     8.721
     3.510    -0.172     0.545     0.571     8.721
     3.520    -0.189     0.539     0.571     8.721
     3.530    -0.207     0.533     0.571     8.721
     3.540    -0.224     0.526     0.571     8.721
     3.550    -0.240     0.518     0.571     8.721
     3.560    -0.257     0.510     0.571     8.721
     3.570    -0.273     0.502     0.571     8.721
     3.580    -0.289     0.493     0.571     8.721
     3.590    -0.305     0.483     0.571     8.721
     3.600    -0.320     0.473     0.571     8.721
     3.610    -0.336     0.463     0.571     8.721
     3.620    -0.350     0.452     0.571     8.721
     3.630    -0.365     0.440     0.571     8.721
     3.640    -0.379     0.428     0.571     8.721
     3.650    -0.392     0.416     0.571     8.721
     3.660    -0.405     0.403     0.571     8.721
     3.670    -0.418     0.390     0.571     8.721
     3.680    -0.430     0.376     0.571     8.721
     3.690    -0.442     0.362     0.571     8.721
     3.700    -0.454     0.347     0.571     8.721
     3.710    -0.465     0.333     0.571     8.721
     3.720    -0.475     0.317     0.571     8.721
     3.730    -0.485     0.302     0.571     8.721
     3.740    -0.495     0.286     0.571     8.721
     3.750    -0.504     0.270     0.571     8.721
     3.760    -0.512     0.254     0.571     8.721
     3.770    -0.520     0.237     0.571     8.721
     3.780    -0.527     0.220     0.571     8.721
     3.790    -0.534     0.203     0.571     8.721
     3.800    -0.540     0.186     0.571     8.721
     3.810    -0.546     0.169     0.571     8.721
     3.820    -0.551     0.151     0.571     8.721
     3.830    -0.556     0.133     0.571     8.721
     3.840    -0.560     0.115     0.571     8.721
     3.850    -0.563     0.097     0.571     8.721
     3.860    -0.566     0.079     0.571     8.721
     3.870    -0.568     0.061     0.571     8.721
     3.880    -0.570     0.042     0.571     8.721
     3.890    -0.571     0.024     0.571     8.721
     3.900    -0.571     0.005     0.571     8.721
     3.910    -0.571    -0.013     0.571     8.721
     3.920    -0.571    -0.031     0.571     8.721
     3.930    -0.569    -0.050     0.571     8.721
     3.940    -0.567    -0.068     0.571     8.721
     3.950    -0.565    -0.086     0.571     8.721
     3.960    -0.562    -0.104     0.571     8.721
     3.970    -0.558    -0.122     0.571     8.721
     3.980    -0.554    -0.140     0.571     8.721
     3.990    -0.549    -0.158     0.571     8.721
     4.000    -0.544    -0.176     0.571     8.721
     4.010    -0.538    -0.193     0.571     8.721
     4.020    -0.531    -0.210     0.571     8.721
     4.030    -0.524    -0.227     0.571     8.721
     4.040    -0.517    -0.244     0.571     8.721
     4.050    -0.509    -0.261     0.571     8.721
     4.060    -0.500    -0.277     0.571     8.721
     4.070    -0.491    -0.293     0.571     8.721
     4.080    -0.481    -0.308     0.571     8.721
     4.090    -0.471    -0.324     0.571     8.721
     4.100    -0.460    -0.339     0.571     8.721
     4.110    -0.449    -0.353     0.571     8.721
     4.120    -0.438    -0.368     0.571     8.721
     4.130    -0.425    -0.381     0.571     8.721
     4.140    -0.413    -0.395     0.571     8.721
     4.150    -0.400    -0.408     0.571     8.721
     4.160    -0.387    -0.421     0.571     8.721
     4.170    -0.373    -0.433     0.571     8.721
     4.180    -0.359    -0.445     0.571     8.721
     4.190    -0.344    -0.456     0.571     8.721
     4.200    -0.329    -0.467     0.571     8.721
     4.210    -0.314    -0.477     0.571     8.721
     4.220    -0.299    -0.487     0.571     8.721
     4.230    -0.283    -0.497     0.571     8.721
     4.240    -0.267    -0.505     0.571     8.721
     4.250    -0.250    -0.514     0.571     8.721
     4.260    -0.234    -0.521     0.571     8.721
     4.270    -0.217    -0.529     0.571     8.721
     4.280    -0.200    -0.535     0.571     8.721
     4.290    -0.182    -0.542     0.571     8.721
     4.300    -0.165    -0.547     0.571     8.721
     4.310    -0.147    -0.552     0.571     8.721
     4.320    -0.129    -0.557     0.571     8.721
     4.330    -0.111    -0.561     0.571     8.721
     4.340    -0.093    -0.564     0.571     8.721
     4.350    -0.075    -0.566     0.571     8.721
     4.360    -0.057    -0.569     0.571     8.721
     4.370    -0.038    -0.570     0.571     8.721
     4.380    -0.020    -0.571     0.571     8.721
     4.390    -0.002    -0.571     0.571     8.721
     4.400     0.017    -0.571     0.571     8.721
     4.410     0.035    -0.570     0.571     8.721
     4.420     0.054    -0.569     0.571     8.721
     4.430     0.072    -0.567     0.571     8.721
     4.440     0.090    -0.564     0.571     8.721
     4.450     0.108    -0.561     0.571     8.721
     4.460     0.126    -0.557     0.571     8.721
     4.470     0.144    -0.553     0.571     8.721
     4.480     0.162    -0.548     0.571     8.721
     4.490     0.179    -0.543     0.571     8.721
     4.500     0.197    -0.536     0.571     8.721
     4.510     0.214    -0.530     0.571     8.721
     4.520     0.231    -0.523     0.571     8.721
     4.530     0.248    -0.515     0.571     8.721
     4.540     0.264    -0.507     0.571     8.721
     4.550     0.280    -0.498     0.571     8.721
     4.560     0.296    -0.489     0.571     8.721
     4.570     0.312    -0.479     0.571     8.721
     4.580     0.327    -0.469     0.571     8.721
     4.590     0.342    -0.458     0.571     8.721
     4.600     0.356    -0.447     0.571     8.721
     4.610     0.371    -0.435     0.571     8.721
     4.620     0.384    -0.423     0.571     8.721
     4.630     0.398    -0.410     0.571     8.721
     4.640     0.411    -0.397     0.571     8.721
     4.650     0.423    -0.384     0.571     8.721
     4.660     0.436    -0.370     0.571     8.721
     4.670     0.447    -0.356     0.571     8.721
     4.680     0.458    -0.341     0.571     8.721
     4.690     0.469    -0.326     0.571     8.721
     4.700     0.479    -0.311     0.571     8.721
     4.710     0.489    -0.295     0.571     8.721
     4.720     0.498    -0.279     0.571     8.721
     4.730     0.507    -0.263     0.571     8.721
     4.740     0.515    -0.247     0.571     8.721
     4.750     0.523    -0.230     0.571     8.721
     4.760     0.530    -0.213     0.571     8.721
     4.770     0.537    -0.196     0.571     8.721
     4.780     0.543    -0.179     0.571     8.721
     4.790     0.548    -0.161     0.571     8.721
     4.800     0.553    -0.143     0.571     8.721
     4.810     0.558    -0.125     0.571     8.721
     4.820     0.561    -0.107     0.571     8.721
     4.830     0.564    -0.089     0.571     8.721
     4.840     0.567    -0.071     0.571     8.721
     4.850     0.569    -0.053     0.571     8.721
     4.860     0.570    -0.034     0.571     8.721
     4.870     0.571    -0.016     0.571     8.721
     4.880     0.571     0.002     0.571     8.721
     4.890     0.571     0.021     0.571     8.721
     4.900     0.570     0.039     0.571     8.721
     4.910     0.569     0.057     0.571     8.721
     4.920     0.566     0.076     0.571     8.721
     4.930     0.564     0.094     0.571     8.721
     4.940     0.560     0.112     0.571     8.721
     4.950     0.556     0.130     0.571     8.721
     4.960     0.552     0.148     0.571     8.721
     4.970     0.547     0.166     0.571     8.721
     4.980     0.541     0.183     0.571     8.721
     4.990     0.535     0.200     0.571     8.721
     5.000     0.528     0.218     0.571     8.721
     5.010     0.521     0.234     0.571     8.721
     5.020     0.513     0.251     0.571     8.721
     5.030     0.505     0.267     0.571     8.721
     5.040     0.496     0.284     0.571     8.721
     5.050     0.487     0.299     0.571     8.721
     5.060     0.477     0.315     0.571     8.721
     5.070     0.466     0.330     0.571     8.721
     5.080     0.456     0.345     0.571     8.721
     5.090     0.444     0.359     0.571     8.721
     5.100     0.432     0.374     0.571     8.721
     5.110     0.420     0.387     0.571     8.721
     5.120     0.407     0.401     0.571     8.721
     5.130     0.394     0.414     0.571     8.721
     5.140     0.381     0.426     0.571     8.721
     5.150     0.367     0.438     0.571     8.721
     5.160     0.353     0.450     0.571     8.721
     5.170     0.338     0.461     0.571     8.721
     5.180     0.323     0.471     0.571     8.721
     5.190     0.308     0.482     0.571     8.721
     5.200     0.292     0.491     0.571     8.721
     5.210     0.276     0.500     0.571     8.721
     5.220     0.260     0.509     0.571     8.721
     5.230     0.243     0.517     0.571     8.721
     5.240     0.226     0.525     0.571     8.721
     5.250     0.209     0.532     0.571     8.721
     5.260     0.192     0.538     0.571     8.721
     5.270     0.175     0.544     0.571     8.721
     5.280     0.157     0.549     0.571     8.721
     5.290     0.139     0.554     0.571     8.721
     5.300     0.122     0.558     0.571     8.721
     5.310     0.104     0.562     0.571     8.721
     5.320     0.085     0.565     0.571     8.721
     5.330     0.067     0.567     0.571     8.721
     5.340     0.049     0.569     0.571     8.721
     5.350     0.030     0.571     0.571     8.721
     5.360     0.012     0.571     0.571     8.721
     5.370    -0.006     0.571     0.571     8.721
     5.380    -0.025     0.571     0.571     8.721
     5.390    -0.043     0.570     0.571     8.721
     5.400    -0.061     0.568     0.571     8.721
     5.410    -0.080     0.566     0.571     8.721
     5.420    -0.098     0.563     0.571     8.721
     5.430    -0.116     0.560     0.571     8.721
     5.440    -0.134     0.556     0.571     8.721
     5.450    -0.152     0.551     0.571     8.721
     5.460    -0.169     0.546     0.571     8.721
     5.470    -0.187     0.540     0.571     8.721
     5.480    -0.204     0.534     0.571     8.721
     5.490    -0.221     0.527     0.571     8.721
     5.500    -0.238     0.520     0.571     8.721
     5.510    -0.255     0.512     0.571     8.721
     5.520    -0.271     0.503     0.571     8.721
     5.530    -0.287     0.494     0.571     8.721
     5.540    -0.303     0.485     0.571     8.721
     5.550    -0.318     0.475     0.571     8.721
     5.560    -0.333     0.464     0.571     8.721
     5.570    -0.348     0.453     0.571     8.721
     5.580    -0.362     0.442     0.571     8.721
     5.590    -0.377     0.430     0.571     8.721
     5.600    -0.390     0.418     0.571     8.721
     5.610    -0.403     0.405     0.571     8.721
     5.620    -0.416     0.392     0.571     8.721
     5.630    -0.429     0.378     0.571     8.721
     5.640    -0.441     0.364     0.571     8.721
     5.650    -0.452     0.350     0.571     8.721
     5.660    -0.463     0.335     0.571     8.721
     5.670    -0.474     0.320     0.571     8.721
     5.680    -0.484     0.304     0.571     8.721
     5.690    -0.493     0.289     0.571     8.721
     5.700    -0.502     0.273     0.571     8.721
     5.710    -0.511     0.256     0.571     8.721
     5.720    -0.519     0.240     0.571     8.721
     5.730    -0.526     0.223     0.571     8.721
     5.740    -0.533     0.206     0.571     8.721
     5.750    -0.539     0.189     0.571     8.721
     5.760    -0.545     0.171     0.571     8.721
     5.770    -0.550     0.153     0.571     8.721
     5.780    -0.555     0.136     0.571     8.721
     5.790    -0.559     0.118     0.571     8.721
     5.800    -0.563     0.100     0.571     8.721
     5.810    -0.566     0.082     0.571     8.721
     5.820    -0.568     0.063     0.571     8.721
     5.830    -0.570     0.045     0.571     8.721
     5.840    -0.571     0.027     0.571     8.721
     5.850    -0.571     0.008     0.571     8.721
     5.860    -0.571    -0.010     0.571     8.721
     5.870    -0.571    -0.029     0.571     8.721
     5.880    -0.569    -0.047     0.571     8.721
     5.890    -0.568    -0.065     0.571     8.721
     5.900    -0.565    -0.083     0.571     8.721
     5.910    -0.562    -0.102     0.571     8.721
     5.920    -0.559    -0.120     0.571     8.721
     5.930    -0.555    -0.138     0.571     8.721
     5.940    -0.550    -0.155     0.571     8.721
     5.950    -0.545    -0.173     0.571     8.721
     5.960    -0.539    -0.190     0.571     8.721
     5.970    -0.532    -0.208     0.571     8.721
     5.980    -0.525    -0.225     0.571     8.721
     5.990    -0.518    -0.242     0.571     8.721
     6.000    -0.510    -0.258     0.571     8.721
     6.010    -0.501    -0.274     0.571     8.721
     6.020    -0.492    -0.290     0.571     8.721
     6.030    -0.483    -0.306     0.571     8.721
     6.040    -0.472    -0.321     0.571     8.721
     6.050    -0.462    -0.336     0.571     8.721
     6.060    -0.451    -0.351     0.571     8.721
     6.070    -0.439    -0.365     0.571     8.721
     6.080    -0.427    -0.379     0.571     8.721
     6.090    -0.415    -0.393     0.571     8.721
     6.100    -0.402    -0.406     0.571     8.721
     6.110    -0.389    -0.419     0.571     8.721
     6.120    -0.375    -0.431     0.571     8.721
     6.130    -0.361    -0.443     0.571     8.721
     6.140    -0.346    -0.454     0.571     8.721
     6.150    -0.332    -0.465     0.571     8.721
     6.160    -0.317    -0.476     0.571     8.721
     6.170    -0.301    -0.486     0.571     8.721
     6.180    -0.285    -0.495     0.571     8.721
     6.190    -0.269    -0.504     0.571     8.721
     6.200    -0.253    -0.512     0.571     8.721
     6.210    -0.236    -0.520     0.571     8.721
     6.220    -0.219    -0.528     0.571     8.721
     6.230    -0.202    -0.534     0.571     8.721
     6.240    -0.185    -0.541     0.571     8.721
     6.250    -0.167    -0.546     0.571     8.721
     6.260    -0.150    -0.551     0.571     8.721
     6.270    -0.132    -0.556     0.571     8.721
     6.280    -0.114    -0.560     0.571     8.721
     6.290    -0.096    -0.563     0.571     8.721
     6.300    -0.078    -0.566     0.571     8.721
     6.310    -0.059    -0.568     0.571     8.721
     6.320    -0.041    -0.570     0.571     8.721
     6.330    -0.023    -0.571     0.571     8.721
     6.340    -0.004    -0.571     0.571     8.721
     6.350     0.014    -0.571     0.571     8.721
     6.360     0.033    -0.571     0.571     8.721
     6.370     0.051    -0.569     0.571     8.721
     6.380     0.069    -0.567     0.571     8.721
     6.390     0.087    -0.565     0.571     8.721
     6.400     0.106    -0.562     0.571     8.721
     6.410     0.124    -0.558     0.571     8.721
     6.420     0.141    -0.554     0.571     8.721
     6.430     0.159    -0.549     0.571     8.721
     6.440     0.177    -0.543     0.571     8.721
     6.450     0.194    -0.537     0.571     8.721
     6.460     0.211    -0.531     0.571     8.721
     6.470     0.228    -0.524     0.571     8.721
     6.480     0.245    -0.516     0.571     8.721
     6.490     0.262    -0.508     0.571     8.721
     6.500     0.278    -0.499     0.571     8.721
     6.510     0.294    -0.490     0.571     8.721
     6.520     0.309    -0.480     0.571     8.721
     6.530     0.325    -0.470     0.571     8.721
     6.540     0.340    -0.460     0.571     8.721
     6.550     0.354    -0.448     0.571     8.721
     6.560     0.368    -0.437     0.571     8.721
     6.570     0.382    -0.425     0.571     8.721
     6.580     0.396    -0.412     0.571     8.721
     6.590     0.409    -0.399     0.571     8.721
     6.600     0.422    -0.386     0.571     8.721
     6.610     0.434    -0.372     0.571     8.721
     6.620     0.445    -0.358     0.571     8.721
     6.630     0.457    -0.343     0.571     8.721
     6.640     0.468    -0.328     0.571     8.721
     6.650     0.478    -0.313     0.571     8.721
     6.660     0.488    -0.298     0.571     8.721
     6.670     0.497    -0.282     0.571     8.721
     6.680     0.506    -0.266     0.571     8.721
     6.690     0.514    -0.249     0.571     8.721
     6.700     0.522    -0.233     0.571     8.721
     6.710     0.529    -0.216     0.571     8.721
     6.720     0.536    -0.199     0.571     8.721
     6.730     0.542    -0.181     0.571     8.721
     6.740     0.548    -0.164     0.571     8.721
     6.750     0.552    -0.146     0.571     8.721
     6.760     0.557    -0.128     0.571     8.721
     6.770     0.561    -0.110     0.571     8.721
     6.780     0.564    -0.092     0.571     8.721
     6.790     0.567    -0.074     0.571     8.721
     6.800     0.569    -0.055     0.571     8.721
     6.810     0.570    -0.037     0.571     8.721
     6.820     0.571    -0.019     0.571     8.721
     6.830     0.571    -0.000     0.571     8.721
     6.840     0.571     0.018     0.571     8.721
     6.850     0.570     0.036     0.571     8.721
     6.860     0.569     0.055     0.571     8.721
     6.870     0.567     0.073     0.571     8.721
     6.880     0.564     0.091     0.571     8.721
     6.890     0.561     0.109     0.571     8.721
     6.900     0.557     0.127     0.571     8.721
     6.910     0.553     0.145     0.571     8.721
     6.920     0.548     0.163     0.571     8.721
     6.930     0.542     0.180     0.571     8.721
     6.940     0.536     0.198     0.571     8.721
     6.950     0.529     0.215     0.571     8.721
     6.960     0.522     0.232     0.571     8.721
     6.970     0.515     0.249     0.571     8.721
     6.980     0.506     0.265     0.571     8.721
     6.990     0.497     0.281     0.571     8.721
     7.000     0.488     0.297     0.571     8.721
     7.010     0.478     0.313     0.571     8.721
     7.020     0.468     0.328     0.571     8.721
     7.030     0.457     0.343     0.571     8.721
     7.040     0.446     0.357     0.571     8.721
     7.050     0.434     0.371     0.571     8.721
     7.060     0.422     0.385     0.571     8.721
     7.070     0.409     0.399     0.571     8.721
     7.080     0.396     0.412     0.571     8.721
     7.090     0.383     0.424     0.571     8.721
     7.100     0.369     0.436     0.571     8.721
     7.110     0.355     0.448     0.571     8.721
     7.120     0.340     0.459     0.571     8.721
     7.130     0.325     0.470     0.571     8.721
     7.140     0.310     0.480     0.571     8.721
     7.150     0.294     0.490     0.571     8.721
     7.160     0.278     0.499     0.571     8.721
     7.170     0.262     0.508     0.571     8.721
     7.180     0.246     0.516     0.571     8.721
     7.190     0.229     0.524     0.571     8.721
     7.200     0.212     0.531     0.571     8.721
     7.210     0.195     0.537     0.571     8.721
     7.220     0.177     0.543     0.571     8.721
     7.230     0.160     0.549     0.571     8.721
     7.240     0.142     0.553     0.571     8.721
     7.250     0.124     0.558     0.571     8.721
     7.260     0.106     0.561     0.571     8.721
     7.270     0.088     0.565     0.571     8.721
     7.280     0.070     0.567     0.571     8.721
     7.290     0.052     0.569     0.571     8.721
     7.300     0.033     0.570     0.571     8.721
     7.310     0.015     0.571     0.571     8.721
     7.320    -0.004     0.571     0.571     8.721
     7.330    -0.022     0.571     0.571     8.721
     7.340    -0.040     0.570     0.571     8.721
     7.350    -0.059     0.568     0.571     8.721
     7.360    -0.077     0.566     0.571     8.721
     7.370    -0.095     0.563     0.571     8.721
     7.380    -0.113     0.560     0.571     8.721
     7.390    -0.131     0.556     0.571     8.721
     7.400    -0.149     0.552     0.571     8.721
     7.410    -0.167     0.547     0.571     8.721
     7.420    -0.184     0.541     0.571     8.721
     7.430    -0.202     0.535     0.571     8.721
     7.440    -0.219     0.528     0.571     8.721
     7.450    -0.236     0.521     0.571     8.721
     7.460    -0.252     0.513     0.571     8.721
     7.470    -0.269     0.504     0.571     8.721
     7.480    -0.285     0.496     0.571     8.721
     7.490    -0.300     0.486     0.571     8.721
     7.500    -0.316     0.476     0.571     8.721
     7.510    -0.331     0.466     0.571     8.721
     7.520    -0.346     0.455     0.571     8.721
     7.530    -0.360     0.443     0.571     8.721
     7.540    -0.374     0.432     0.571     8.721
     7.550    -0.388     0.419     0.571     8.721
     7.560    -0.401     0.407     0.571     8.721
     7.570    -0.414     0.394     0.571     8.721
     7.580    -0.427     0.380     0.571     8.721
     7.590    -0.439     0.366     0.571     8.721
     7.600    -0.450     0.352     0.571     8.721
     7.610    -0.461     0.337     0.571     8.721
     7.620    -0.472     0.322     0.571     8.721
     7.630    -0.482     0.307     0.571     8.721
     7.640    -0.492     0.291     0.571     8.721
     7.650    -0.501     0.275     0.571     8.721
     7.660    -0.510     0.259     0.571     8.721
     7.670    -0.518     0.242     0.571     8.721
     7.680    -0.525     0.225     0.571     8.721
     7.690    -0.532     0.208     0.571     8.721
     7.700    -0.539     0.191     0.571     8.721
     7.710    -0.544     0.174     0.571     8.721
     7.720    -0.550     0.156     0.571     8.721
     7.730    -0.554     0.138     0.571     8.721
     7.740    -0.559     0.120     0.571     8.721
     7.750    -0.562     0.102     0.571     8.721
     7.760    -0.565     0.084     0.571     8.721
     7.770    -0.568     0.066     0.571     8.721
     7.780    -0.569     0.048     0.571     8.721
     7.790    -0.571     0.029     0.571     8.721
     7.800    -0.571     0.011     0.571     8.721
     7.810    -0.571    -0.007     0.571     8.721
     7.820    -0.571    -0.026     0.571     8.721
     7.830    -0.570    -0.044     0.571     8.721
     7.840    -0.568    -0.063     0.571     8.721
     7.850    -0.566    -0.081     0.571     8.721
     7.860    -0.563    -0.099     0.571     8.721
     7.870    -0.559    -0.117     0.571     8.721
     7.880    -0.555    -0.135     0.571     8.721
     7.890    -0.551    -0.153     0.571     8.721
     7.900    -0.545    -0.170     0.571     8.721
     7.910    -0.540    -0.188     0.571     8.721
     7.920    -0.533    -0.205     0.571     8.721
     7.930    -0.526    -0.222     0.571     8.721
     7.940    -0.519    -0.239     0.571     8.721
     7.950    -0.511    -0.256     0.571     8.721
     7.960    -0.503    -0.272     0.571     8.721
     7.970    -0.494    -0.288     0.571     8.721
     7.980    -0.484    -0.304     0.571     8.721
     7.990    -0.474    -0.319     0.571     8.721
     8.000    -0.463    -0.334     0.571     8.721
     8.010    -0.452    -0.349     0.571     8.721
     8.020    -0.441    -0.363     0.571     8.721
     8.030    -0.429    -0.377     0.571     8.721
     8.040    -0.417    -0.391     0.571     8.721
     8.050    -0.404    -0.404     0.571     8.721
     8.060    -0.391    -0.417     0.571     8.721
     8.070    -0.377    -0.429     0.571     8.721
     8.080    -0.363    -0.441     0.571     8.721
     8.090    -0.349    -0.453     0.571     8.721
     8.100    -0.334    -0.464     0.571     8.721
     8.110    -0.319    -0.474     0.571     8.721
     8.120    -0.303    -0.484     0.571     8.721
     8.130    -0.288    -0.494     0.571     8.721
     8.140    -0.272    -0.503     0.571     8.721
     8.150    -0.255    -0.511     0.571     8.721
     8.160    -0.239    -0.519     0.571     8.721
     8.170    -0.222    -0.527     0.571     8.721
     8.180    -0.205    -0.533     0.571     8.721
     8.190    -0.187    -0.540     0.571     8.721
     8.200    -0.170    -0.546     0.571     8.721
     8.210    -0.152    -0.551     0.571     8.721
     8.220    -0.135    -0.555     0.571     8.721
     8.230    -0.117    -0.559     0.571     8.721
     8.240    -0.099    -0.563     0.571     8.721
     8.250    -0.080    -0.566     0.571     8.721
     8.260    -0.062    -0.568     0.571     8.721
     8.270    -0.044    -0.570     0.571     8.721
     8.280    -0.025    -0.571     0.571     8.721
     8.290    -0.007    -0.571     0.571     8.721
     8.300     0.011    -0.571     0.571     8.721
     8.310     0.030    -0.571     0.571     8.721
     8.320     0.048    -0.569     0.571     8.721
     8.330     0.066    -0.568     0.571     8.721
     8.340     0.085    -0.565     0.571     8.721
     8.350     0.103    -0.562     0.571     8.721
     8.360     0.121    -0.559     0.571     8.721
     8.370     0.139    -0.554     0.571     8.721
     8.380     0.157    -0.550     0.571     8.721
     8.390     0.174    -0.544     0.571     8.721
     8.400     0.192    -0.538     0.571     8.721
     8.410     0.209    -0.532     0.571     8.721
     8.420     0.226    -0.525     0.571     8.721
     8.430     0.243    -0.517     0.571     8.721
     8.440     0.259    -0.509     0.571     8.721
     8.450     0.275    -0.501     0.571     8.721
     8.460     0.291    -0.492     0.571     8.721
     8.470     0.307    -0.482     0.571     8.721
     8.480     0.322    -0.472     0.571     8.721
     8.490     0.337    -0.461     0.571     8.721
     8.500     0.352    -0.450     0.571     8.721
     8.510     0.366    -0.438     0.571     8.721
     8.520     0.380    -0.426     0.571     8.721
     8.530     0.394    -0.414     0.571     8.721
     8.540     0.407    -0.401     0.571     8.721
     8.550     0.420    -0.388     0.571     8.721
     8.560     0.432    -0.374     0.571     8.721
     8.570     0.444    -0.360     0.571     8.721
     8.580     0.455    -0.346     0.571     8.721
     8.590     0.466    -0.331     0.571     8.721
     8.600     0.476    -0.316     0.571     8.721
     8.610     0.486    -0.300     0.571     8.721
     8.620     0.496    -0.284     0.571     8.721
     8.630     0.505    -0.268     0.571     8.721
     8.640     0.513    -0.252     0.571     8.721
     8.650     0.521    -0.235     0.571     8.721
     8.660     0.528    -0.218     0.571     8.721
     8.670     0.535    -0.201     0.571     8.721
     8.680     0.541    -0.184     0.571     8.721
     8.690     0.547    -0.166     0.571     8.721
     8.700     0.552    -0.149     0.571     8.721
     8.710     0.556    -0.131     0.571     8.721
     8.720     0.560    -0.113     0.571     8.721
     8.730     0.564    -0.095     0.571     8.721
     8.740     0.566    -0.076     0.571     8.721
     8.750     0.568    -0.058     0.571     8.721
     8.760     0.570    -0.040     0.571     8.721
     8.770     0.571    -0.021     0.571     8.721
     8.780     0.571    -0.003     0.571     8.721
     8.790     0.571     0.015     0.571     8.721
     8.800     0.570     0.034     0.571     8.721
     8.810     0.569     0.052     0.571     8.721
     8.820     0.567     0.070     0.571     8.721
     8.830     0.565     0.089     0.571     8.721
     8.840     0.561     0.107     0.571     8.721
     8.850     0.558     0.125     0.571     8.721
     8.860     0.553     0.143     0.571     8.721
     8.870     0.548     0.160     0.571     8.721
     8.880     0.543     0.178     0.571     8.721
     8.890     0.537     0.195     0.571     8.721
     8.900     0.530     0.212     0.571     8.721
     8.910     0.523     0.229     0.571     8.721
     8.920     0.516     0.246     0.571     8.721
     8.930     0.508     0.263     0.571     8.721
     8.940     0.499     0.279     0.571     8.721
     8.950     0.490     0.295     0.571     8.721
     8.960     0.480     0.310     0.571     8.721
     8.970     0.470     0.326     0.571     8.721
     8.980     0.459     0.341     0.571     8.721
     8.990     0.448     0.355     0.571     8.721
     9.000     0.436     0.369     0.571     8.721
     9.010     0.424     0.383     0.571     8.721
     9.020     0.411     0.397     0.571     8.721
     9.030     0.398     0.410     0.571     8.721
     9.040     0.385     0.422     0.571     8.721
     9.050     0.371     0.435     0.571     8.721
     9.060     0.357     0.446     0.571     8.721
     9.070     0.342     0.457     0.571     8.721
     9.080     0.327     0.468     0.571     8.721
     9.090     0.312     0.479     0.571     8.721
     9.100     0.297     0.488     0.571     8.721
     9.110     0.281     0.498     0.571     8.721
     9.120     0.265     0.506     0.571     8.721
     9.130     0.248     0.515     0.571     8.721
     9.140     0.231     0.522     0.571     8.721
     9.150     0.215     0.530     0.571     8.721
     9.160     0.197     0.536     0.571     8.721
     9.170     0.180     0.542     0.571     8.721
     9.180     0.162     0.548     0.571     8.721
     9.190     0.145     0.553     0.571     8.721
     9.200     0.127     0.557     0.571     8.721
     9.210     0.109     0.561     0.571     8.721
     9.220     0.091     0.564     0.571     8.721
     9.230     0.073     0.567     0.571     8.721
     9.240     0.054     0.569     0.571     8.721
     9.250     0.036     0.570     0.571     8.721
     9.260     0.018     0.571     0.571     8.721
     9.270    -0.001     0.571     0.571     8.721
     9.280    -0.019     0.571     0.571     8.721
     9.290    -0.038     0.570     0.571     8.721
     9.300    -0.056     0.569     0.571     8.721
     9.310    -0.074     0.567     0.571     8.721
     9.320    -0.092     0.564     0.571     8.721
     9.330    -0.111     0.561     0.571     8.721
     9.340    -0.129     0.557     0.571     8.721
     9.350    -0.146     0.552     0.571     8.721
     9.360    -0.164     0.547     0.571     8.721
     9.370    -0.182     0.542     0.571     8.721
     9.380    -0.199     0.536     0.571     8.721
     9.390    -0.216     0.529     0.571     8.721
     9.400    -0.233     0.522     0.571     8.721
     9.410    -0.250     0.514     0.571     8.721
     9.420    -0.266     0.506     0.571     8.721
     9.430    -0.282     0.497     0.571     8.721
     9.440    -0.298     0.488     0.571     8.721
     9.450    -0.314     0.478     0.571     8.721
     9.460    -0.329     0.467     0.571     8.721
     9.470    -0.344     0.456     0.571     8.721
     9.480    -0.358     0.445     0.571     8.721
     9.490    -0.372     0.433     0.571     8.721
     9.500    -0.386     0.421     0.571     8.721
     9.510    -0.400     0.409     0.571     8.721
     9.520    -0.412     0.395     0.571     8.721
     9.530    -0.425     0.382     0.571     8.721
     9.540    -0.437     0.368     0.571     8.721
     9.550    -0.449     0.354     0.571     8.721
     9.560    -0.460     0.339     0.571     8.721
     9.570    -0.471     0.324     0.571     8.721
     9.580    -0.481     0.309     0.571     8.721
     9.590    -0.490     0.293     0.571     8.721
     9.600    -0.500     0.277     0.571     8.721
     9.610    -0.508     0.261     0.571     8.721
     9.620    -0.516     0.245     0.571     8.721
     9.630    -0.524     0.228     0.571     8.721
     9.640    -0.531     0.211     0.571     8.721
     9.650    -0.538     0.194     0.571     8.721
     9.660    -0.544     0.176     0.571     8.721
     9.670    -0.549     0.159     0.571     8.721
     9.680    -0.554     0.141     0.571     8.721
     9.690    -0.558     0.123     0.571     8.721
     9.700    -0.562     0.105     0.571     8.721
     9.710    -0.565     0.087     0.571     8.721
     9.720    -0.567     0.069     0.571     8.721
     9.730    -0.569     0.050     0.571     8.721
     9.740    -0.571     0.032     0.571     8.721
     9.750    -0.571     0.014     0.571     8.721
     9.760    -0.571    -0.005     0.571     8.721
     9.770    -0.571    -0.023     0.571     8.721
     9.780    -0.570    -0.042     0.571     8.721
     9.790    -0.568    -0.060     0.571     8.721
     9.800    -0.566    -0.078     0.571     8.721
     9.810    -0.563    -0.096     0.571     8.721
     9.820    -0.560    -0.114     0.571     8.721
     9.830    -0.556    -0.132     0.571     8.721
     9.840    -0.551    -0.150     0.571     8.721
     9.850    -0.546    -0.168     0.571     8.721
     9.860    -0.541    -0.185     0.571     8.721
     9.870    -0.534    -0.203     0.571     8.721
     9.880    -0.528    -0.220     0.571     8.721
     9.890    -0.520    -0.237     0.571     8.721
     9.900    -0.512    -0.253     0.571     8.721
     9.910    -0.504    -0.270     0.571     8.721
     9.920    -0.495    -0.286     0.571     8.721
     9.930    -0.485    -0.301     0.571     8.721
     9.940    -0.476    -0.317     0.571     8.721
     9.950    -0.465    -0.332     0.571     8.721
     9.960    -0.454    -0.347     0.571     8.721
     9.970    -0.443    -0.361     0.571     8.721
     9.980    -0.431    -0.375     0.571     8.721
     9.990    -0.419    -0.389     0.571     8.721
    10.000    -0.406    -0.402     0.571     8.721
    10.010    -0.393    -0.415     0.571     8.721
    10.020    -0.379    -0.428     0.571     8.721
    10.030    -0.365    -0.440     0.571     8.721
    10.040    -0.351    -0.451     0.571     8.721
    10.050    -0.336    -0.462     0.571     8.721
    10.060    -0.321    -0.473     0.571     8.721
    10.070    -0.306    -0.483     0.571     8.721
    10.080    -0.290    -0.492     0.571     8.721
    10.090    -0.274    -0.501     0.571     8.721
    10.100    -0.258    -0.510     0.571     8.721
    10.110    -0.241    -0.518     0.571     8.721
    10.120    -0.224    -0.526     0.571     8.721
    10.130    -0.207    -0.533     0.571     8.721
    10.140    -0.190    -0.539     0.571     8.721
    10.150    -0.173    -0.545     0.571     8.721
    10.160    -0.155    -0.550     0.571     8.721
    10.170    -0.137    -0.555     0.571     8.721
    10.180    -0.119    -0.559     0.571     8.721
    10.190    -0.101    -0.562     0.571     8.721
    10.200    -0.083    -0.565     0.571     8.721
    10.210    -0.065    -0.568     0.571     8.721
    10.220    -0.046    -0.570     0.571     8.721
    10.230    -0.028    -0.571     0.571     8.721
    10.240    -0.010    -0.571     0.571     8.721
    10.250     0.009    -0.571     0.571     8.721
    10.260     0.027    -0.571     0.571     8.721
    10.270     0.045    -0.570     0.571     8.721
    10.280     0.064    -0.568     0.571     8.721
    10.290     0.082    -0.566     0.571     8.721
    10.300     0.100    -0.563     0.571     8.721
    10.310     0.118    -0.559     0.571     8.721
    10.320     0.136    -0.555     0.571     8.721
    10.330     0.154    -0.550     0.571     8.721
    10.340     0.172    -0.545     0.571     8.721
    10.350     0.189    -0.539     0.571     8.721
    10.360     0.206    -0.533     0.571     8.721
    10.370     0.223    -0.526     0.571     8.721
    10.380     0.240    -0.519     0.571     8.721
    10.390     0.257    -0.511     0.571     8.721
    10.400     0.273    -0.502     0.571     8.721
    10.410     0.289    -0.493     0.571     8.721
    10.420     0.305    -0.483     0.571     8.721
    10.430     0.320    -0.473     0.571     8.721
    10.440     0.335    -0.463     0.571     8.721
    10.450     0.350    -0.452     0.571     8.721
    10.460     0.364    -0.440     0.571     8.721
    10.470     0.378    -0.428     0.571     8.721
    10.480     0.392    -0.416     0.571     8.721
    10.490     0.405    -0.403     0.571     8.721
    10.500     0.418    -0.390     0.571     8.721
    10.510     0.430    -0.376     0.571     8.721
    10.520     0.442    -0.362     0.571     8.721
    10.530     0.453    -0.348     0.571     8.721
    10.540     0.464    -0.333     0.571     8.721
    10.550     0.475    -0.318     0.571     8.721
    10.560     0.485    -0.302     0.571     8.721
    10.570     0.494    -0.287     0.571     8.721
    10.580     0.503    -0.271     0.571     8.721
    10.590     0.512    -0.254     0.571     8.721
    10.600     0.520    -0.238     0.571     8.721
    10.610     0.527    -0.221     0.571     8.721
    10.620     0.534    -0.204     0.571     8.721
    10.630     0.540    -0.186     0.571     8.721
    10.640     0.546    -0.169     0.571     8.721
    10.650     0.551    -0.151     0.571     8.721
    10.660     0.556    -0.133     0.571     8.721
    10.670     0.560    -0.115     0.571     8.721
    10.680     0.563    -0.097     0.571     8.721
    10.690     0.566    -0.079     0.571     8.721
    10.700     0.568    -0.061     0.571     8.721
    10.710     0.570    -0.043     0.571     8.721
    10.720     0.571    -0.024     0.571     8.721
    10.730     0.571    -0.006     0.571     8.721
    10.740     0.571     0.013     0.571     8.721
    10.750     0.571     0.031     0.571     8.721
    10.760     0.569     0.049     0.571     8.721
    10.770     0.567     0.068     0.571     8.721
    10.780     0.565     0.086     0.571     8.721
    10.790     0.562     0.104     0.571     8.721
    10.800     0.558     0.122     0.571     8.721
    10.810     0.554     0.140     0.571     8.721
    10.820     0.549     0.158     0.571     8.721
    10.830     0.544     0.175     0.571     8.721
    10.840     0.538     0.193     0.571     8.721
    10.850     0.531     0.210     0.571     8.721
    10.860     0.524     0.227     0.571     8.721
    10.870     0.517     0.244     0.571     8.721
    10.880     0.509     0.260     0.571     8.721
    10.890     0.500     0.276     0.571     8.721
    10.900     0.491     0.292     0.571     8.721
    10.910     0.481     0.308     0.571     8.721
    10.920     0.471     0.323     0.571     8.721
    10.930     0.460     0.338     0.571     8.721
    10.940     0.449     0.353     0.571     8.721
    10.950     0.438     0.367     0.571     8.721
    10.960     0.426     0.381     0.571     8.721
    10.970     0.413     0.395     0.571     8.721
    10.980     0.400     0.408     0.571     8.721
    10.990     0.387     0.420     0.571     8.721
    11.000     0.373     0.433     0.571     8.721
    11.010     0.359     0.445     0.571     8.721
    11.020     0.345     0.456     0.571     8.721
    11.030     0.330     0.467     0.571     8.721
    11.040     0.315     0.477     0.571     8.721
    11.050     0.299     0.487     0.571     8.721
    11.060     0.283     0.496     0.571     8.721
    11.070     0.267     0.505     0.571     8.721
    11.080     0.251     0.514     0.571     8.721
    11.090     0.234     0.521     0.571     8.721
    11.100     0.217     0.529     0.571     8.721
    11.110     0.200     0.535     0.571     8.721
    11.120     0.183     0.541     0.571     8.721
    11.130     0.165     0.547     0.571     8.721
    11.140     0.147     0.552     0.571     8.721
    11.150     0.130     0.557     0.571     8.721
    11.160     0.112     0.560     0.571     8.721
    11.170     0.093     0.564     0.571     8.721
    11.180     0.075     0.566     0.571     8.721
    11.190     0.057     0.569     0.571     8.721
    11.200     0.039     0.570     0.571     8.721
    11.210     0.020     0.571     0.571     8.721
    11.220     0.002     0.571     0.571     8.721
    11.230    -0.016     0.571     0.571     8.721
    11.240    -0.035     0.570     0.571     8.721
    11.250    -0.053     0.569     0.571     8.721
    11.260    -0.072     0.567     0.571     8.721
    11.270    -0.090     0.564     0.571     8.721
    11.280    -0.108     0.561     0.571     8.721
    11.290    -0.126     0.557     0.571     8.721
    11.300    -0.144     0.553     0.571     8.721
    11.310    -0.161     0.548     0.571     8.721
    11.320    -0.179     0.543     0.571     8.721
    11.330    -0.196     0.537     0.571     8.721
    11.340    -0.214     0.530     0.571     8.721
    11.350    -0.231     0.523     0.571     8.721
    11.360    -0.247     0.515     0.571     8.721
    11.370    -0.264     0.507     0.571     8.721
    11.380    -0.280     0.498     0.571     8.721
    11.390    -0.296     0.489     0.571     8.721
    11.400    -0.311     0.479     0.571     8.721
    11.410    -0.327     0.469     0.571     8.721
    11.420    -0.342     0.458     0.571     8.721
    11.430    -0.356     0.447     0.571     8.721
    11.440    -0.370     0.435     0.571     8.721
    11.450    -0.384     0.423     0.571     8.721
    11.460    -0.398     0.410     0.571     8.721
    11.470    -0.411     0.397     0.571     8.721
    11.480    -0.423     0.384     0.571     8.721
    11.490    -0.435     0.370     0.571     8.721
    11.500    -0.447     0.356     0.571     8.721
    11.510    -0.458     0.341     0.571     8.721
    11.520    -0.469     0.327     0.571     8.721
    11.530    -0.479     0.311     0.571     8.721
    11.540    -0.489     0.296     0.571     8.721
    11.550    -0.498     0.280     0.571     8.721
    11.560    -0.507     0.264     0.571     8.721
    11.570    -0.515     0.247     0.571     8.721
    11.580    -0.523     0.230     0.571     8.721
    11.590    -0.530     0.213     0.571     8.721
    11.600    -0.537     0.196     0.571     8.721
    11.610    -0.543     0.179     0.571     8.721
    11.620    -0.548     0.161     0.571     8.721
    11.630    -0.553     0.144     0.571     8.721
    11.640    -0.557     0.126     0.571     8.721
    11.650    -0.561     0.108     0.571     8.721
    11.660    -0.564     0.090     0.571     8.721
    11.670    -0.567     0.071     0.571     8.721
    11.680    -0.569     0.053     0.571     8.721
    11.690    -0.570     0.035     0.571     8.721
    11.700    -0.571     0.016     0.571     8.721
    11.710    -0.571    -0.002     0.571     8.721
    11.720    -0.571    -0.020     0.571     8.721
    11.730    -0.570    -0.039     0.571     8.721
    11.740    -0.569    -0.057     0.571     8.721
    11.750    -0.566    -0.075     0.571     8.721
    11.760    -0.564    -0.094     0.571     8.721
    11.770    -0.560    -0.112     0.571     8.721
    11.780    -0.557    -0.130     0.571     8.721
    11.790    -0.552    -0.148     0.571     8.721
    11.800    -0.547    -0.165     0.571     8.721
    11.810    -0.541    -0.183     0.571     8.721
    11.820    -0.535    -0.200     0.571     8.721
    11.830    -0.529    -0.217     0.571     8.721
    11.840    -0.521    -0.234     0.571     8.721
    11.850    -0.513    -0.251     0.571     8.721
    11.860    -0.505    -0.267     0.571     8.721
    11.870    -0.496    -0.283     0.571     8.721
    11.880    -0.487    -0.299     0.571     8.721
    11.890    -0.477    -0.315     0.571     8.721
    11.900    -0.467    -0.330     0.571     8.721
    11.910    -0.456    -0.345     0.571     8.721
    11.920    -0.444    -0.359     0.571     8.721
    11.930    -0.433    -0.373     0.571     8.721
    11.940    -0.420    -0.387     0.571     8.721
    11.950    -0.408    -0.400     0.571     8.721
    11.960    -0.395    -0.413     0.571     8.721
    11.970    -0.381    -0.426     0.571     8.721
    11.980    -0.367    -0.438     0.571     8.721
    11.990    -0.353    -0.449     0.571     8.721
    12.000    -0.338    -0.461     0.571     8.721
    12.010    -0.323    -0.471     0.571     8.721
    12.020    -0.308    -0.481     0.571     8.721
    12.030    -0.292    -0.491     0.571     8.721
    12.040    -0.276    -0.500     0.571     8.721
    12.050    -0.260    -0.509     0.571     8.721
    12.060    -0.244    -0.517     0.571     8.721
    12.070    -0.227    -0.524     0.571     8.721
    12.080    -0.210    -0.532     0.571     8.721
    12.090    -0.193    -0.538     0.571     8.721
    12.100    -0.175    -0.544     0.571     8.721
    12.110    -0.158    -0.549     0.571     8.721
    12.120    -0.140    -0.554     0.571     8.721
    12.130    -0.122    -0.558     0.571     8.721
    12.140    -0.104    -0.562     0.571     8.721
    12.150    -0.086    -0.565     0.571     8.721
    12.160    -0.068    -0.567     0.571     8.721
    12.170    -0.049    -0.569     0.571     8.721
    12.180    -0.031    -0.571     0.571     8.721
    12.190    -0.012    -0.571     0.571     8.721
    12.200     0.006    -0.571     0.571     8.721
    12.210     0.024    -0.571     0.571     8.721
    12.220     0.043    -0.570     0.571     8.721
    12.230     0.061    -0.568     0.571     8.721
    12.240     0.079    -0.566     0.571     8.721
    12.250     0.097    -0.563     0.571     8.721
    12.260     0.116    -0.560     0.571     8.721
    12.270     0.133    -0.556     0.571     8.721
    12.280     0.151    -0.551     0.571     8.721
    12.290     0.169    -0.546     0.571     8.721
    12.300     0.186    -0.540     0.571     8.721
    12.310     0.204    -0.534     0.571     8.721
    12.320     0.221    -0.527     0.571     8.721
    12.330     0.238    -0.520     0.571     8.721
    12.340     0.254    -0.512     0.571     8.721
    12.350     0.271    -0.503     0.571     8.721
    12.360     0.287    -0.494     0.571     8.721
    12.370     0.302    -0.485     0.571     8.721
    12.380     0.318    -0.475     0.571     8.721
    12.390     0.333    -0.464     0.571     8.721
    12.400     0.348    -0.453     0.571     8.721
    12.410     0.362    -0.442     0.571     8.721
    12.420     0.376    -0.430     0.571     8.721
    12.430     0.390    -0.418     0.571     8.721
    12.440     0.403    -0.405     0.571     8.721
    12.450     0.416    -0.392     0.571     8.721
    12.460     0.428    -0.378     0.571     8.721
    12.470     0.440    -0.364     0.571     8.721
    12.480     0.452    -0.350     0.571     8.721
    12.490     0.463    -0.335     0.571     8.721
    12.500     0.473    -0.320     0.571     8.721
    12.510     0.483    -0.305     0.571     8.721
    12.520     0.493    -0.289     0.571     8.721
    12.530     0.502    -0.273     0.571     8.721
    12.540     0.511    -0.257     0.571     8.721
    12.550     0.519    -0.240     0.571     8.721
    12.560     0.526    -0.223     0.571     8.721
    12.570     0.533    -0.206     0.571     8.721
    12.580     0.539    -0.189     0.571     8.721
    12.590     0.545    -0.171     0.571     8.721
    12.600     0.550    -0.154     0.571     8.721
    12.610     0.555    -0.136     0.571     8.721
    12.620     0.559    -0.118     0.571     8.721
    12.630     0.563    -0.100     0.571     8.721
    12.640     0.566    -0.082     0.571     8.721
    12.650     0.568    -0.064     0.571     8.721
    12.660     0.570    -0.045     0.571     8.721
    12.670     0.571    -0.027     0.571     8.721
    12.680     0.571    -0.009     0.571     8.721
    12.690     0.571     0.010     0.571     8.721
    12.700     0.571     0.028     0.571     8.721
    12.710     0.570     0.047     0.571     8.721
    12.720     0.568     0.065     0.571     8.721
    12.730     0.565     0.083     0.571     8.721
    12.740     0.562     0.101     0.571     8.721
    12.750     0.559     0.119     0.571     8.721
    12.760     0.555     0.137     0.571     8.721
    12.770     0.550     0.155     0.571     8.721
    12.780     0.545     0.173     0.571     8.721
    12.790     0.539     0.190     0.571     8.721
    12.800     0.532     0.207     0.571     8.721
    12.810     0.526     0.224     0.571     8.721
    12.820     0.518     0.241     0.571     8.721
    12.830     0.510     0.258     0.571     8.721
    12.840     0.501     0.274     0.571     8.721
    12.850     0.492     0.290     0.571     8.721
    12.860     0.483     0.306     0.571     8.721
    12.870     0.473     0.321     0.571     8.721
    12.880     0.462     0.336     0.571     8.721
    12.890     0.451     0.351     0.571     8.721
    12.900     0.439     0.365     0.571     8.721
    12.910     0.428     0.379     0.571     8.721
    12.920     0.415     0.393     0.571     8.721
    12.930     0.402     0.406     0.571     8.721
    12.940     0.389     0.419     0.571     8.721
    12.950     0.375     0.431     0.571     8.721
    12.960     0.361     0.443     0.571     8.721
    12.970     0.347     0.454     0.571     8.721
    12.980     0.332     0.465     0.571     8.721
    12.990     0.317     0.476     0.571     8.721
    13.000     0.301     0.486     0.571     8.721
    13.010     0.286     0.495     0.571     8.721
    13.020     0.269     0.504     0.571     8.721
    13.030     0.253     0.512     0.571     8.721
    13.040     0.236     0.520     0.571     8.721
    13.050     0.220     0.528     0.571     8.721
    13.060     0.203     0.534     0.571     8.721
    13.070     0.185     0.541     0.571     8.721
    13.080     0.168     0.546     0.571     8.721
    13.090     0.150     0.551     0.571     8.721
    13.100     0.132     0.556     0.571     8.721
    13.110     0.114     0.560     0.571     8.721
    13.120     0.096     0.563     0.571     8.721
    13.130     0.078     0.566     0.571     8.721
    13.140     0.060     0.568     0.571     8.721
    13.150     0.041     0.570     0.571     8.721
    13.160     0.023     0.571     0.571     8.721
    13.170     0.005     0.571     0.571     8.721
    13.180    -0.014     0.571     0.571     8.721
    13.190    -0.032     0.571     0.571     8.721
    13.200    -0.050     0.569     0.571     8.721
    13.210    -0.069     0.567     0.571     8.721
    13.220    -0.087     0.565     0.571     8.721
    13.230    -0.105     0.562     0.571     8.721
    13.240    -0.123     0.558     0.571     8.721
    13.250    -0.141     0.554     0.571     8.721
    13.260    -0.159     0.549     0.571     8.721
    13.270    -0.176     0.544     0.571     8.721
    13.280    -0.194     0.538     0.571     8.721
    13.290    -0.211     0.531     0.571     8.721
    13.300    -0.228     0.524     0.571     8.721
    13.310    -0.245     0.516     0.571     8.721
    13.320    -0.261     0.508     0.571     8.721
    13.330    -0.277     0.500     0.571     8.721
    13.340    -0.293     0.490     0.571     8.721
    13.350    -0.309     0.481     0.571     8.721
    13.360    -0.324     0.470     0.571     8.721
    13.370    -0.339     0.460     0.571     8.721
    13.380    -0.354     0.449     0.571     8.721
    13.390    -0.368     0.437     0.571     8.721
    13.400    -0.382     0.425     0.571     8.721
    13.410    -0.396     0.412     0.571     8.721
    13.420    -0.409     0.399     0.571     8.721
    13.430    -0.421     0.386     0.571     8.721
    13.440    -0.434     0.372     0.571     8.721
    13.450    -0.445     0.358     0.571     8.721
    13.460    -0.457     0.344     0.571     8.721
    13.470    -0.467     0.329     0.571     8.721
    13.480    -0.478     0.314     0.571     8.721
    13.490    -0.488     0.298     0.571     8.721
    13.500    -0.497     0.282     0.571     8.721
    13.510    -0.506     0.266     0.571     8.721
    13.520    -0.514     0.250     0.571     8.721
    13.530    -0.522     0.233     0.571     8.721
    13.540    -0.529     0.216     0.571     8.721
    13.550    -0.536     0.199     0.571     8.721
    13.560    -0.542     0.182     0.571     8.721
    13.570    -0.547     0.164     0.571     8.721
    13.580    -0.552     0.146     0.571     8.721
    13.590    -0.557     0.128     0.571     8.721
    13.600    -0.561     0.110     0.571     8.721
    13.610    -0.564     0.092     0.571     8.721
    13.620    -0.567     0.074     0.571     8.721
    13.630    -0.569     0.056     0.571     8.721
    13.640    -0.570     0.037     0.571     8.721
    13.650    -0.571     0.019     0.571     8.721
    13.660    -0.571     0.001     0.571     8.721
    13.670    -0.571    -0.018     0.571     8.721
    13.680    -0.570    -0.036     0.571     8.721
    13.690    -0.569    -0.054     0.571     8.721
    13.700    -0.567    -0.073     0.571     8.721
    13.710    -0.564    -0.091     0.571     8.721
    13.720    -0.561    -0.109     0.571     8.721
    13.730    -0.557    -0.127     0.571     8.721
    13.740    -0.553    -0.145     0.571     8.721
    13.750    -0.548    -0.163     0.571     8.721
    13.760    -0.542    -0.180     0.571     8.721
    13.770    -0.536    -0.198     0.571     8.721
    13.780    -0.530    -0.215     0.571     8.721
    13.790    -0.522    -0.232     0.571     8.721
    13.800    -0.515    -0.248     0.571     8.721
    13.810    -0.506    -0.265     0.571     8.721
    13.820    -0.498    -0.281     0.571     8.721
    13.830    -0.488    -0.297     0.571     8.721
    13.840    -0.479    -0.312     0.571     8.721
    13.850    -0.468    -0.328     0.571     8.721
    13.860    -0.457    -0.342     0.571     8.721
    13.870    -0.446    -0.357     0.571     8.721
    13.880    -0.434    -0.371     0.571     8.721
    13.890    -0.422    -0.385     0.571     8.721
    13.900    -0.410    -0.398     0.571     8.721
    13.910    -0.397    -0.411     0.571     8.721
    13.920    -0.383    -0.424     0.571     8.721
    13.930    -0.369    -0.436     0.571     8.721
    13.940    -0.355    -0.448     0.571     8.721
    13.950    -0.340    -0.459     0.571     8.721
    13.960    -0.326    -0.470     0.571     8.721
    13.970    -0.310    -0.480     0.571     8.721
    13.980    -0.295    -0.490     0.571     8.721
    13.990    -0.279    -0.499     0.571     8.721
    14.000    -0.263    -0.508     0.571     8.721
    14.010    -0.246    -0.516     0.571     8.721
    14.020    -0.229    -0.523     0.571     8.721
    14.030    -0.212    -0.531     0.571     8.721
    14.040    -0.195    -0.537     0.571     8.721
    14.050    -0.178    -0.543     0.571     8.721
    14.060    -0.160    -0.549     0.571     8.721
    14.070    -0.142    -0.553     0.571     8.721
    14.080    -0.125    -0.558     0.571     8.721
    14.090    -0.107    -0.561     0.571     8.721
    14.100    -0.088    -0.565     0.571     8.721
    14.110    -0.070    -0.567     0.571     8.721
    14.120    -0.052    -0.569     0.571     8.721
    14.130    -0.034    -0.570     0.571     8.721
    14.140    -0.015    -0.571     0.571     8.721
    14.150     0.003    -0.571     0.571     8.721
    14.160     0.022    -0.571     0.571     8.721
    14.170     0.040    -0.570     0.571     8.721
    14.180     0.058    -0.568     0.571     8.721
    14.190     0.077    -0.566     0.571     8.721
    14.200     0.095    -0.564     0.571     8.721
    14.210     0.113    -0.560     0.571     8.721
    14.220     0.131    -0.556     0.571     8.721
    14.230     0.149    -0.552     0.571     8.721
    14.240     0.166    -0.547     0.571     8.721
    14.250     0.184    -0.541     0.571     8.721
    14.260     0.201    -0.535     0.571     8.721
    14.270     0.218    -0.528     0.571     8.721
    14.280     0.235    -0.521     0.571     8.721
    14.290     0.252    -0.513     0.571     8.721
    14.300     0.268    -0.505     0.571     8.721
    14.310     0.284    -0.496     0.571     8.721
    14.320     0.300    -0.486     0.571     8.721
    14.330     0.316    -0.476     0.571     8.721
    14.340     0.331    -0.466     0.571     8.721
    14.350     0.346    -0.455     0.571     8.721
    14.360     0.360    -0.444     0.571     8.721
    14.370     0.374    -0.432     0.571     8.721
    14.380     0.388    -0.420     0.571     8.721
    14.390     0.401    -0.407     0.571     8.721
    14.400     0.414    -0.394     0.571     8.721
    14.410     0.427    -0.380     0.571     8.721
    14.420     0.439    -0.366     0.571     8.721
    14.430     0.450    -0.352     0.571     8.721
    14.440     0.461    -0.337     0.571     8.721
    14.450     0.472    -0.322     0.571     8.721
    14.460     0.482    -0.307     0.571     8.721
    14.470     0.492    -0.291     0.571     8.721
    14.480     0.501    -0.275     0.571     8.721
    14.490     0.509    -0.259     0.571     8.721
    14.500     0.517    -0.243     0.571     8.721
    14.510     0.525    -0.226     0.571     8.721
    14.520     0.532    -0.209     0.571     8.721
    14.530     0.538    -0.191     0.571     8.721
    14.540     0.544    -0.174     0.571     8.721
    14.550     0.550    -0.156     0.571     8.721
    14.560     0.554    -0.139     0.571     8.721
    14.570     0.559    -0.121     0.571     8.721
    14.580     0.562    -0.103     0.571     8.721
    14.590     0.565    -0.085     0.571     8.721
    14.600     0.568    -0.066     0.571     8.721
    14.610     0.569    -0.048     0.571     8.721
    14.620     0.571    -0.030     0.571     8.721
    14.630     0.571    -0.011     0.571     8.721
    14.640     0.571     0.007     0.571     8.721
    14.650     0.571     0.026     0.571     8.721
    14.660     0.570     0.044     0.571     8.721
    14.670     0.568     0.062     0.571     8.721
    14.680     0.566     0.080     0.571     8.721
    14.690     0.563     0.099     0.571     8.721
    14.700     0.559     0.117     0.571     8.721
    14.710     0.555     0.135     0.571     8.721
    14.720     0.551     0.152     0.571     8.721
    14.730     0.546     0.170     0.571     8.721
    14.740     0.540     0.188     0.571     8.721
    14.750     0.533     0.205     0.571     8.721
    14.760     0.527     0.222     0.571     8.721
    14.770     0.519     0.239     0.571     8.721
    14.780     0.511     0.255     0.571     8.721
    14.790     0.503     0.272     0.571     8.721
    14.800     0.494     0.288     0.571     8.721
    14.810     0.484     0.303     0.571     8.721
    14.820     0.474     0.319     0.571     8.721
    14.830     0.464     0.334     0.571     8.721
    14.840     0.453     0.349     0.571     8.721
    14.850     0.441     0.363     0.571     8.721
    14.860     0.429     0.377     0.571     8.721
    14.870     0.417     0.391     0.571     8.721
    14.880     0.404     0.404     0.571     8.721
    14.890     0.391     0.417     0.571     8.721
    14.900     0.377     0.429     0.571     8.721
    14.910     0.363     0.441     0.571     8.721
    14.920     0.349     0.453     0.571     8.721
    14.930     0.334     0.464     0.571     8.721
    14.940     0.319     0.474     0.571     8.721
    14.950     0.304     0.484     0.571     8.721
    14.960     0.288     0.494     0.571     8.721
    14.970     0.272     0.503     0.571     8.721
    14.980     0.256     0.511     0.571     8.721
    14.990     0.239     0.519     0.571     8.721
    15.000     0.222     0.526     0.571     8.721
    15.010     0.205     0.533     0.571     8.721
    15.020     0.188     0.540     0.571     8.721
    15.030     0.170     0.545     0.571     8.721
    15.040     0.153     0.551     0.571     8.721
    15.050     0.135     0.555     0.571     8.721
    15.060     0.117     0.559     0.571     8.721
    15.070     0.099     0.563     0.571     8.721
    15.080     0.081     0.566     0.571     8.721
    15.090     0.062     0.568     0.571     8.721
    15.100     0.044     0.570     0.571     8.721
    15.110     0.026     0.571     0.571     8.721
    15.120     0.007     0.571     0.571     8.721
    15.130    -0.011     0.571     0.571     8.721
    15.140    -0.029     0.571     0.571     8.721
    15.150    -0.048     0.569     0.571     8.721
    15.160    -0.066     0.568     0.571     8.721
    15.170    -0.084     0.565     0.571     8.721
    15.180    -0.102     0.562     0.571     8.721
    15.190    -0.121     0.559     0.571     8.721
    15.200    -0.138     0.554     0.571     8.721
    15.210    -0.156     0.550     0.571     8.721
    15.220    -0.174     0.544     0.571     8.721
    15.230    -0.191     0.538     0.571     8.721
    15.240    -0.208     0.532     0.571     8.721
    15.250    -0.226     0.525     0.571     8.721
    15.260    -0.242     0.518     0.571     8.721
    15.270    -0.259     0.509     0.571     8.721
    15.280    -0.275     0.501     0.571     8.721
    15.290    -0.291     0.492     0.571     8.721
    15.300    -0.307     0.482     0.571     8.721
    15.310    -0.322     0.472     0.571     8.721
    15.320    -0.337     0.461     0.571     8.721
    15.330    -0.352     0.450     0.571     8.721
    15.340    -0.366     0.439     0.571     8.721
    15.350    -0.380     0.427     0.571     8.721
    15.360    -0.394     0.414     0.571     8.721
    15.370    -0.407     0.401     0.571     8.721
    15.380    -0.419     0.388     0.571     8.721
    15.390    -0.432     0.374     0.571     8.721
    15.400    -0.444     0.360     0.571     8.721
    15.410    -0.455     0.346     0.571     8.721
    15.420    -0.466     0.331     0.571     8.721
    15.430    -0.476     0.316     0.571     8.721
    15.440    -0.486     0.300     0.571     8.721
    15.450    -0.496     0.285     0.571     8.721
    15.460    -0.504     0.268     0.571     8.721
    15.470    -0.513     0.252     0.571     8.721
    15.480    -0.521     0.235     0.571     8.721
    15.490    -0.528     0.219     0.571     8.721
    15.500    -0.535     0.201     0.571     8.721
    15.510    -0.541     0.184     0.571     8.721
    15.520    -0.547     0.167     0.571     8.721
    15.530    -0.552     0.149     0.571     8.721
    15.540    -0.556     0.131     0.571     8.721
    15.550    -0.560     0.113     0.571     8.721
    15.560    -0.563     0.095     0.571     8.721
    15.570    -0.566     0.077     0.571     8.721
    15.580    -0.568     0.059     0.571     8.721
    15.590    -0.570     0.040     0.571     8.721
    15.600    -0.571     0.022     0.571     8.721
    15.610    -0.571     0.003     0.571     8.721
    15.620    -0.571    -0.015     0.571     8.721
    15.630    -0.570    -0.033     0.571     8.721
    15.640    -0.569    -0.052     0.571     8.721
    15.650    -0.567    -0.070     0.571     8.721
    15.660    -0.565    -0.088     0.571     8.721
    15.670    -0.561    -0.106     0.571     8.721
    15.680    -0.558    -0.124     0.571     8.721
    15.690    -0.553    -0.142     0.571     8.721
    15.700    -0.549    -0.160     0.571     8.721
    15.710    -0.543    -0.178     0.571     8.721
    15.720    -0.537    -0.195     0.571     8.721
    15.730    -0.531    -0.212     0.571     8.721
    15.740    -0.523    -0.229     0.571     8.721
    15.750    -0.516    -0.246     0.571     8.721
    15.760    -0.508    -0.262     0.571     8.721
    15.770    -0.499    -0.279     0.571     8.721
    15.780    -0.490    -0.294     0.571     8.721
    15.790    -0.480    -0.310     0.571     8.721
    15.800    -0.470    -0.325     0.571     8.721
    15.810    -0.459    -0.340     0.571     8.721
    15.820    -0.448    -0.355     0.571     8.721
    15.830    -0.436    -0.369     0.571     8.721
    15.840    -0.424    -0.383     0.571     8.721
    15.850    -0.412    -0.396     0.571     8.721
    15.860    -0.399    -0.409     0.571     8.721
    15.870    -0.385    -0.422     0.571     8.721
    15.880    -0.371    -0.434     0.571     8.721
    15.890    -0.357    -0.446     0.571     8.721
    15.900    -0.343    -0.457     0.571     8.721
    15.910    -0.328    -0.468     0.571     8.721
    15.920    -0.313    -0.478     0.571     8.721
    15.930    -0.297    -0.488     0.571     8.721
    15.940    -0.281    -0.497     0.571     8.721
    15.950    -0.265    -0.506     0.571     8.721
    15.960    -0.249    -0.515     0.571     8.721
    15.970    -0.232    -0.522     0.571     8.721
    15.980    -0.215    -0.529     0.571     8.721
    15.990    -0.198    -0.536     0.571     8.721
    16.000    -0.180    -0.542     0.571     8.721
