     0.000   3.000000
     0.010   2.999770
     0.020   2.999078
     0.030   2.997926
     0.040   2.996313
     0.050   2.994239
     0.060   2.991703
     0.070   2.988705
     0.080   2.985244
     0.090   2.981321
     0.100   2.976934
     0.110   2.972082
     0.120   2.966766
     0.130   2.960984
     0.140   2.954735
     0.150   2.948018
     0.160   2.940832
     0.170   2.933177
     0.180   2.925051
     0.190   2.916453
     0.200   2.907381
     0.210   2.897834
     0.220   2.887810
     0.230   2.877309
     0.240   2.866329
     0.250   2.854867
     0.260   2.842922
     0.270   2.830492
     0.280   2.817576
     0.290   2.804172
     0.300   2.790277
     0.310   2.775889
     0.320   2.761007
     0.330   2.745627
     0.340   2.729749
     0.350   2.713369
     0.360   2.696486
     0.370   2.679096
     0.380   2.661198
     0.390   2.642789
     0.400   2.623867
     0.410   2.604429
     0.420   2.584472
     0.430   2.563994
     0.440   2.542992
     0.450   2.521465
     0.460   2.499409
     0.470   2.476823
     0.480   2.453703
     0.490   2.430048
     0.500   2.405856
     0.510   2.381124
     0.520   2.355850
     0.530   2.330034
     0.540   2.303674
     0.550   2.276769
     0.560   2.249317
     0.570   2.221320
     0.580   2.192777
     0.590   2.163690
     0.600   2.134058
     0.610   2.103886
     0.620   2.073177
     0.630   2.041934
     0.640   2.010163
     0.650   1.977871
     0.660   1.945068
     0.670   1.911763
     0.680   1.877969
     0.690   1.843703
     0.700   1.808981
     0.710   1.773828
     0.720   1.738268
     0.730   1.702332
     0.740   1.666056
     0.750   1.629484
     0.760   1.592664
     0.770   1.555654
     0.780   1.518523
     0.790   1.481349
     0.800   1.444224
     0.810   1.407253
     0.820   1.370561
     0.830   1.334287
     0.840   1.298593
     0.850   1.263664
     0.860   1.229708
     0.870   1.196961
     0.880   1.165680
     0.890   1.136152
     0.900   1.108683
     0.910   1.083596
     0.920   1.061223
     0.930   1.041893
     0.940   1.025920
     0.950   1.013584
     0.960   1.005116
     0.970   1.000683
     0.980   1.000376
     0.990   1.004200
     1.000   1.012079
     1.010   1.023855
     1.020   1.039305
     1.030   1.058157
     1.040   1.080099
     1.050   1.104805
     1.060   1.131941
     1.070   1.161184
     1.080   1.192223
     1.090   1.224770
     1.100   1.258562
     1.110   1.293360
     1.120   1.328953
     1.130   1.365151
     1.140   1.401791
     1.150   1.438729
     1.160   1.475838
     1.170   1.513011
     1.180   1.550154
     1.190   1.587186
     1.200   1.624038
     1.210   1.660651
     1.220   1.696973
     1.230   1.732962
     1.240   1.768580
     1.250   1.803795
     1.260   1.838582
     1.270   1.872917
     1.280   1.906782
     1.290   1.940160
     1.300   1.973039
     1.310   2.005407
     1.320   2.037256
     1.330   2.068577
     1.340   2.099366
     1.350   2.129618
     1.360   2.159330
     1.370   2.188498
     1.380   2.217122
     1.390   2.245200
     1.400   2.272732
     1.410   2.299719
     1.420   2.326160
     1.430   2.352056
     1.440   2.377410
     1.450   2.402222
     1.460   2.426495
     1.470   2.450229
     1.480   2.473428
     1.490   2.496094
     1.500   2.518228
     1.510   2.539833
     1.520   2.560913
     1.530   2.581468
     1.540   2.601502
     1.550   2.621017
     1.560   2.640016
     1.570   2.658501
     1.580   2.676475
     1.590   2.693939
     1.600   2.710898
     1.610   2.727352
     1.620   2.743304
     1.630   2.758757
     1.640   2.773713
     1.650   2.788174
     1.660   2.802142
     1.670   2.815619
     1.680   2.828608
     1.690   2.841109
     1.700   2.853126
     1.710   2.864659
     1.720   2.875711
     1.730   2.886283
     1.740   2.896378
     1.750   2.905995
     1.760   2.915137
     1.770   2.923806
     1.780   2.932002
     1.790   2.939727
     1.800   2.946982
     1.810   2.953768
     1.820   2.960086
     1.830   2.965938
     1.840   2.971323
     1.850   2.976244
     1.860   2.980699
     1.870   2.984692
     1.880   2.988221
     1.890   2.991287
     1.900   2.993892
     1.910   2.996035
     1.920   2.997716
     1.930   2.998937
     1.940   2.999696
     1.950   2.999995
     1.960   2.999833
     1.970   2.999210
     1.980   2.998127
     1.990   2.996582
     2.000   2.994576
     2.010   2.992108
     2.020   2.989179
     2.030   2.985787
     2.040   2.981932
     2.050   2.977614
     2.060   2.972832
     2.070   2.967584
     2.080   2.961871
     2.090   2.955692
     2.100   2.949045
     2.110   2.941929
     2.120   2.934343
     2.130   2.926287
     2.140   2.917759
     2.150   2.908757
     2.160   2.899281
     2.170   2.889329
     2.180   2.878898
     2.190   2.867989
     2.200   2.856599
     2.210   2.844726
     2.220   2.832368
     2.230   2.819525
     2.240   2.806193
     2.250   2.792370
     2.260   2.778056
     2.270   2.763247
     2.280   2.747942
     2.290   2.732138
     2.300   2.715833
     2.310   2.699024
     2.320   2.681710
     2.330   2.663888
     2.340   2.645555
     2.350   2.626709
     2.360   2.607347
     2.370   2.587467
     2.380   2.567067
     2.390   2.546143
     2.400   2.524694
     2.410   2.502717
     2.420   2.480210
     2.430   2.457169
     2.440   2.433594
     2.450   2.409481
     2.460   2.384829
     2.470   2.359636
     2.480   2.333901
     2.490   2.307622
     2.500   2.280797
     2.510   2.253427
     2.520   2.225511
     2.530   2.197049
     2.540   2.168042
     2.550   2.138492
     2.560   2.108400
     2.570   2.077770
     2.580   2.046605
     2.590   2.014912
     2.600   1.982698
     2.610   1.949969
     2.620   1.916738
     2.630   1.883016
     2.640   1.848819
     2.650   1.814164
     2.660   1.779073
     2.670   1.743571
     2.680   1.707689
     2.690   1.671462
     2.700   1.634930
     2.710   1.598143
     2.720   1.561158
     2.730   1.524040
     2.740   1.486867
     2.750   1.449728
     2.760   1.412727
     2.770   1.375985
     2.780   1.339639
     2.790   1.303848
     2.800   1.268793
     2.810   1.234679
     2.820   1.201736
     2.830   1.170220
     2.840   1.140413
     2.850   1.112618
     2.860   1.087157
     2.870   1.064360
     2.880   1.044558
     2.890   1.028068
     2.900   1.015175
     2.910   1.006121
     2.920   1.001082
     2.930   1.000160
     2.940   1.003374
     2.950   1.010658
     2.960   1.021868
     2.970   1.036790
     2.980   1.055155
     2.990   1.076659
     3.000   1.100975
     3.010   1.127772
     3.020   1.156722
     3.030   1.187513
     3.040   1.219853
     3.050   1.253476
     3.060   1.288139
     3.070   1.323626
     3.080   1.359746
     3.090   1.396330
     3.100   1.433232
     3.110   1.470323
     3.120   1.507492
     3.130   1.544645
     3.140   1.581698
     3.150   1.618581
     3.160   1.655233
     3.170   1.691601
     3.180   1.727642
     3.190   1.763317
     3.200   1.798594
     3.210   1.833446
     3.220   1.867849
     3.230   1.901785
     3.240   1.935236
     3.250   1.968190
     3.260   2.000634
     3.270   2.032561
     3.280   2.063961
     3.290   2.094829
     3.300   2.125161
     3.310   2.154953
     3.320   2.184202
     3.330   2.212907
     3.340   2.241066
     3.350   2.268680
     3.360   2.295747
     3.370   2.322269
     3.380   2.348246
     3.390   2.373680
     3.400   2.398573
     3.410   2.422925
     3.420   2.446740
     3.430   2.470018
     3.440   2.492762
     3.450   2.514975
     3.460   2.536659
     3.470   2.557816
     3.480   2.578449
     3.490   2.598561
     3.500   2.618153
     3.510   2.637228
     3.520   2.655789
     3.530   2.673838
     3.540   2.691379
     3.550   2.708412
     3.560   2.724941
     3.570   2.740968
     3.580   2.756495
     3.590   2.771524
     3.600   2.786059
     3.610   2.800100
     3.620   2.813650
     3.630   2.826710
     3.640   2.839284
     3.650   2.851373
     3.660   2.862978
     3.670   2.874101
     3.680   2.884744
     3.690   2.894909
     3.700   2.904597
     3.710   2.913810
     3.720   2.922549
     3.730   2.930815
     3.740   2.938610
     3.750   2.945935
     3.760   2.952790
     3.770   2.959178
     3.780   2.965099
     3.790   2.970553
     3.800   2.975542
     3.810   2.980067
     3.820   2.984128
     3.830   2.987726
     3.840   2.990861
     3.850   2.993534
     3.860   2.995746
     3.870   2.997496
     3.880   2.998785
     3.890   2.999613
     3.900   2.999980
     3.910   2.999886
     3.920   2.999332
     3.930   2.998317
     3.940   2.996840
     3.950   2.994903
     3.960   2.992504
     3.970   2.989643
     3.980   2.986320
     3.990   2.982534
     4.000   2.978285
     4.010   2.973571
     4.020   2.968393
     4.030   2.962749
     4.040   2.956639
     4.050   2.950061
     4.060   2.943015
     4.070   2.935499
     4.080   2.927513
     4.090   2.919055
     4.100   2.910124
     4.110   2.900718
     4.120   2.890836
     4.130   2.880477
     4.140   2.869639
     4.150   2.858320
     4.160   2.846519
     4.170   2.834234
     4.180   2.821462
     4.190   2.808203
     4.200   2.794454
     4.210   2.780212
     4.220   2.765477
     4.230   2.750246
     4.240   2.734516
     4.250   2.718285
     4.260   2.701552
     4.270   2.684313
     4.280   2.666566
     4.290   2.648309
     4.300   2.629539
     4.310   2.610254
     4.320   2.590451
     4.330   2.570128
     4.340   2.549283
     4.350   2.527912
     4.360   2.506013
     4.370   2.483585
     4.380   2.460623
     4.390   2.437128
     4.400   2.413095
     4.410   2.388523
     4.420   2.363411
     4.430   2.337756
     4.440   2.311557
     4.450   2.284814
     4.460   2.257525
     4.470   2.229690
     4.480   2.201309
     4.490   2.172383
     4.500   2.142913
     4.510   2.112901
     4.520   2.082351
     4.530   2.051265
     4.540   2.019651
     4.550   1.987513
     4.560   1.954860
     4.570   1.921703
     4.580   1.888053
     4.590   1.853925
     4.600   1.819337
     4.610   1.784309
     4.620   1.748867
     4.630   1.713039
     4.640   1.676860
     4.650   1.640371
     4.660   1.603619
     4.670   1.566659
     4.680   1.529556
     4.690   1.492386
     4.700   1.455235
     4.710   1.418207
     4.720   1.381418
     4.730   1.345004
     4.740   1.309120
     4.750   1.273943
     4.760   1.239675
     4.770   1.206543
     4.780   1.174798
     4.790   1.144719
     4.800   1.116605
     4.810   1.090776
     4.820   1.067563
     4.830   1.047296
     4.840   1.030295
     4.850   1.016852
     4.860   1.007215
     4.870   1.001571
     4.880   1.000034
     4.890   1.002637
     4.900   1.009324
     4.910   1.019963
     4.920   1.034350
     4.930   1.052222
     4.940   1.073281
     4.950   1.097201
     4.960   1.123650
     4.970   1.152300
     4.980   1.182837
     4.990   1.214965
     5.000   1.248413
     5.010   1.282936
     5.020   1.318314
     5.030   1.354351
     5.040   1.390876
     5.050   1.427738
     5.060   1.464809
     5.070   1.501973
     5.080   1.539134
     5.090   1.576207
     5.100   1.613119
     5.110   1.649808
     5.120   1.686222
     5.130   1.722314
     5.140   1.758045
     5.150   1.793383
     5.160   1.828300
     5.170   1.862771
     5.180   1.896777
     5.190   1.930301
     5.200   1.963330
     5.210   1.995850
     5.220   2.027854
     5.230   2.059333
     5.240   2.090281
     5.250   2.120693
     5.260   2.150565
     5.270   2.179895
     5.280   2.208680
     5.290   2.236920
     5.300   2.264615
     5.310   2.291763
     5.320   2.318366
     5.330   2.344424
     5.340   2.369939
     5.350   2.394912
     5.360   2.419344
     5.370   2.443238
     5.380   2.466596
     5.390   2.489420
     5.400   2.511711
     5.410   2.533474
     5.420   2.554709
     5.430   2.575419
     5.440   2.595608
     5.450   2.615277
     5.460   2.634429
     5.470   2.653066
     5.480   2.671191
     5.490   2.688807
     5.500   2.705915
     5.510   2.722519
     5.520   2.738620
     5.530   2.754221
     5.540   2.769325
     5.550   2.783932
     5.560   2.798046
     5.570   2.811669
     5.580   2.824802
     5.590   2.837448
     5.600   2.849609
     5.610   2.861285
     5.620   2.872480
     5.630   2.883194
     5.640   2.893430
     5.650   2.903189
     5.660   2.912472
     5.670   2.921281
     5.680   2.929618
     5.690   2.937482
     5.700   2.944877
     5.710   2.951802
     5.720   2.958259
     5.730   2.964249
     5.740   2.969773
     5.750   2.974831
     5.760   2.979425
     5.770   2.983555
     5.780   2.987221
     5.790   2.990425
     5.800   2.993167
     5.810   2.995447
     5.820   2.997265
     5.830   2.998622
     5.840   2.999519
     5.850   2.999954
     5.860   2.999929
     5.870   2.999443
     5.880   2.998496
     5.890   2.997089
     5.900   2.995220
     5.910   2.992889
     5.920   2.990097
     5.930   2.986843
     5.940   2.983125
     5.950   2.978945
     5.960   2.974300
     5.970   2.969191
     5.980   2.963616
     5.990   2.957575
     6.000   2.951067
     6.010   2.944091
     6.020   2.936645
     6.030   2.928728
     6.040   2.920340
     6.050   2.911480
     6.060   2.902144
     6.070   2.892333
     6.080   2.882045
     6.090   2.871278
     6.100   2.860031
     6.110   2.848301
     6.120   2.836088
     6.130   2.823389
     6.140   2.810202
     6.150   2.796526
     6.160   2.782358
     6.170   2.767696
     6.180   2.752538
     6.190   2.736883
     6.200   2.720726
     6.210   2.704068
     6.220   2.686904
     6.230   2.669233
     6.240   2.651051
     6.250   2.632358
     6.260   2.613150
     6.270   2.593424
     6.280   2.573178
     6.290   2.552411
     6.300   2.531118
     6.310   2.509298
     6.320   2.486948
     6.330   2.464066
     6.340   2.440650
     6.350   2.416697
     6.360   2.392205
     6.370   2.367173
     6.380   2.341599
     6.390   2.315481
     6.400   2.288819
     6.410   2.261611
     6.420   2.233857
     6.430   2.205557
     6.440   2.176711
     6.450   2.147322
     6.460   2.117391
     6.470   2.086920
     6.480   2.055914
     6.490   2.024377
     6.500   1.992317
     6.510   1.959740
     6.520   1.926657
     6.530   1.893079
     6.540   1.859021
     6.550   1.824500
     6.560   1.789536
     6.570   1.754153
     6.580   1.718381
     6.590   1.682252
     6.600   1.645806
     6.610   1.609089
     6.620   1.572156
     6.630   1.535070
     6.640   1.497905
     6.650   1.460746
     6.660   1.423692
     6.670   1.386859
     6.680   1.350380
     6.690   1.314407
     6.700   1.279113
     6.710   1.244696
     6.720   1.211380
     6.730   1.179413
     6.740   1.149067
     6.750   1.120642
     6.760   1.094454
     6.770   1.070831
     6.780   1.050106
     6.790   1.032600
     6.800   1.018612
     6.810   1.008397
     6.820   1.002151
     6.830   1.000001
     6.840   1.001990
     6.850   1.008078
     6.860   1.018142
     6.870   1.031987
     6.880   1.049360
     6.890   1.069966
     6.900   1.093482
     6.910   1.119576
     6.920   1.147920
     6.930   1.178196
     6.940   1.210106
     6.950   1.243374
     6.960   1.277752
     6.970   1.313015
     6.980   1.348966
     6.990   1.385428
     7.000   1.422250
     7.010   1.459297
     7.020   1.496454
     7.030   1.533621
     7.040   1.570712
     7.050   1.607652
     7.060   1.644378
     7.070   1.680835
     7.080   1.716977
     7.090   1.752765
     7.100   1.788163
     7.110   1.823144
     7.120   1.857682
     7.130   1.891759
     7.140   1.925356
     7.150   1.958458
     7.160   1.991055
     7.170   2.023136
     7.180   2.054693
     7.190   2.085720
     7.200   2.116212
     7.210   2.146164
     7.220   2.175575
     7.230   2.204441
     7.240   2.232763
     7.250   2.260538
     7.260   2.287767
     7.270   2.314451
     7.280   2.340590
     7.290   2.366185
     7.300   2.391238
     7.310   2.415751
     7.320   2.439725
     7.330   2.463162
     7.340   2.486065
     7.350   2.508436
     7.360   2.530276
     7.370   2.551590
     7.380   2.572378
     7.390   2.592644
     7.400   2.612390
     7.410   2.631618
     7.420   2.650332
     7.430   2.668533
     7.440   2.686224
     7.450   2.703407
     7.460   2.720086
     7.470   2.736261
     7.480   2.751937
     7.490   2.767114
     7.500   2.781795
     7.510   2.795982
     7.520   2.809678
     7.530   2.822883
     7.540   2.835602
     7.550   2.847834
     7.560   2.859582
     7.570   2.870848
     7.580   2.881634
     7.590   2.891941
     7.600   2.901770
     7.610   2.911124
     7.620   2.920004
     7.630   2.928410
     7.640   2.936345
     7.650   2.943809
     7.660   2.950804
     7.670   2.957330
     7.680   2.963389
     7.690   2.968982
     7.700   2.974110
     7.710   2.978772
     7.720   2.982971
     7.730   2.986706
     7.740   2.989979
     7.750   2.992789
     7.760   2.995137
     7.770   2.997024
     7.780   2.998450
     7.790   2.999415
     7.800   2.999919
     7.810   2.999962
     7.820   2.999544
     7.830   2.998666
     7.840   2.997327
     7.850   2.995526
     7.860   2.993264
     7.870   2.990541
     7.880   2.987355
     7.890   2.983706
     7.900   2.979595
     7.910   2.975019
     7.920   2.969979
     7.930   2.964473
     7.940   2.958502
     7.950   2.952063
     7.960   2.945156
     7.970   2.937780
     7.980   2.929933
     7.990   2.921616
     8.000   2.912825
     8.010   2.903560
     8.020   2.893820
     8.030   2.883603
     8.040   2.872907
     8.050   2.861731
     8.060   2.850073
     8.070   2.837932
     8.080   2.825305
     8.090   2.812191
     8.100   2.798587
     8.110   2.784492
     8.120   2.769904
     8.130   2.754820
     8.140   2.739238
     8.150   2.723157
     8.160   2.706573
     8.170   2.689484
     8.180   2.671888
     8.190   2.653783
     8.200   2.635166
     8.210   2.616034
     8.220   2.596385
     8.230   2.576217
     8.240   2.555527
     8.250   2.534312
     8.260   2.512570
     8.270   2.490299
     8.280   2.467497
     8.290   2.444160
     8.300   2.420287
     8.310   2.395875
     8.320   2.370923
     8.330   2.345430
     8.340   2.319393
     8.350   2.292811
     8.360   2.265684
     8.370   2.238011
     8.380   2.209792
     8.390   2.181028
     8.400   2.151719
     8.410   2.121868
     8.420   2.091477
     8.430   2.060550
     8.440   2.029092
     8.450   1.997109
     8.460   1.964608
     8.470   1.931600
     8.480   1.898094
     8.490   1.864107
     8.500   1.829653
     8.510   1.794754
     8.520   1.759431
     8.530   1.723715
     8.540   1.687636
     8.550   1.651235
     8.560   1.614555
     8.570   1.577650
     8.580   1.540583
     8.590   1.503424
     8.600   1.466258
     8.610   1.429182
     8.620   1.392309
     8.630   1.355768
     8.640   1.319709
     8.650   1.284302
     8.660   1.249742
     8.670   1.216247
     8.680   1.184063
     8.690   1.153458
     8.700   1.124729
     8.710   1.098187
     8.720   1.074162
     8.730   1.052986
     8.740   1.034984
     8.750   1.020456
     8.760   1.009666
     8.770   1.002822
     8.780   1.000058
     8.790   1.001434
     8.800   1.006919
     8.810   1.016403
     8.820   1.029702
     8.830   1.046569
     8.840   1.066715
     8.850   1.089819
     8.860   1.115552
     8.870   1.143583
     8.880   1.173591
     8.890   1.205276
     8.900   1.238360
     8.910   1.272587
     8.920   1.307732
     8.930   1.343593
     8.940   1.379989
     8.950   1.416766
     8.960   1.453788
     8.970   1.490935
     8.980   1.528106
     8.990   1.565213
     9.000   1.602180
     9.010   1.638941
     9.020   1.675442
     9.030   1.711633
     9.040   1.747476
     9.050   1.782934
     9.060   1.817978
     9.070   1.852584
     9.080   1.886730
     9.090   1.920399
     9.100   1.953576
     9.110   1.986248
     9.120   2.018406
     9.130   2.050042
     9.140   2.081148
     9.150   2.111719
     9.160   2.141752
     9.170   2.171243
     9.180   2.200190
     9.190   2.228593
     9.200   2.256449
     9.210   2.283759
     9.220   2.310524
     9.230   2.336744
     9.240   2.362420
     9.250   2.387553
     9.260   2.412146
     9.270   2.436200
     9.280   2.459717
     9.290   2.482699
     9.300   2.505148
     9.310   2.527067
     9.320   2.548459
     9.330   2.569325
     9.340   2.589668
     9.350   2.609491
     9.360   2.628796
     9.370   2.647586
     9.380   2.665863
     9.390   2.683630
     9.400   2.700888
     9.410   2.717642
     9.420   2.733892
     9.430   2.749641
     9.440   2.764892
     9.450   2.779647
     9.460   2.793907
     9.470   2.807675
     9.480   2.820954
     9.490   2.833744
     9.500   2.846049
     9.510   2.857869
     9.520   2.869206
     9.530   2.880063
     9.540   2.890441
     9.550   2.900341
     9.560   2.909766
     9.570   2.918715
     9.580   2.927192
     9.590   2.935196
     9.600   2.942730
     9.610   2.949795
     9.620   2.956391
     9.630   2.962519
     9.640   2.968181
     9.650   2.973378
     9.660   2.978109
     9.670   2.982377
     9.680   2.986181
     9.690   2.989522
     9.700   2.992401
     9.710   2.994818
     9.720   2.996773
     9.730   2.998268
     9.740   2.999301
     9.750   2.999873
     9.760   2.999985
     9.770   2.999636
     9.780   2.998826
     9.790   2.997555
     9.800   2.995823
     9.810   2.993629
     9.820   2.990974
     9.830   2.987857
     9.840   2.984277
     9.850   2.980234
     9.860   2.975728
     9.870   2.970757
     9.880   2.965320
     9.890   2.959418
     9.900   2.953048
     9.910   2.946211
     9.920   2.938904
     9.930   2.931128
     9.940   2.922880
     9.950   2.914160
     9.960   2.904966
     9.970   2.895296
     9.980   2.885150
     9.990   2.874525
    10.000   2.863421
    10.010   2.851834
    10.020   2.839765
    10.030   2.827210
    10.040   2.814168
    10.050   2.800638
    10.060   2.786616
    10.070   2.772101
    10.080   2.757091
    10.090   2.741583
    10.100   2.725576
    10.110   2.709066
    10.120   2.692053
    10.130   2.674532
    10.140   2.656503
    10.150   2.637962
    10.160   2.618907
    10.170   2.599335
    10.180   2.579244
    10.190   2.558631
    10.200   2.537495
    10.210   2.515831
    10.220   2.493639
    10.230   2.470915
    10.240   2.447658
    10.250   2.423865
    10.260   2.399533
    10.270   2.374662
    10.280   2.349249
    10.290   2.323293
    10.300   2.296792
    10.310   2.269746
    10.320   2.242154
    10.330   2.214016
    10.340   2.185333
    10.350   2.156105
    10.360   2.126334
    10.370   2.096023
    10.380   2.065175
    10.390   2.033796
    10.400   2.001890
    10.410   1.969465
    10.420   1.936532
    10.430   1.903099
    10.440   1.869182
    10.450   1.834797
    10.460   1.799962
    10.470   1.764701
    10.480   1.729041
    10.490   1.693014
    10.500   1.656657
    10.510   1.620016
    10.520   1.583141
    10.530   1.546093
    10.540   1.508943
    10.550   1.471772
    10.560   1.434676
    10.570   1.397765
    10.580   1.361166
    10.590   1.325025
    10.600   1.289510
    10.610   1.254811
    10.620   1.221143
    10.630   1.188748
    10.640   1.157891
    10.650   1.128863
    10.660   1.101976
    10.670   1.077557
    10.680   1.055937
    10.690   1.037444
    10.700   1.022382
    10.710   1.011023
    10.720   1.003582
    10.730   1.000208
    10.740   1.000968
    10.750   1.005848
    10.760   1.014749
    10.770   1.027495
    10.780   1.043850
    10.790   1.063529
    10.800   1.086215
    10.810   1.111579
    10.820   1.139289
    10.830   1.169023
    10.840   1.200478
    10.850   1.233370
    10.860   1.267443
    10.870   1.302465
    10.880   1.338231
    10.890   1.374558
    10.900   1.411288
    10.910   1.448281
    10.920   1.485416
    10.930   1.522590
    10.940   1.559712
    10.950   1.596703
    10.960   1.633499
    10.970   1.670042
    10.980   1.706282
    10.990   1.742178
    11.000   1.777695
    11.010   1.812803
    11.020   1.847475
    11.030   1.881691
    11.040   1.915431
    11.050   1.948682
    11.060   1.981430
    11.070   2.013665
    11.080   2.045379
    11.090   2.076563
    11.100   2.107215
    11.110   2.137328
    11.120   2.166899
    11.130   2.195927
    11.140   2.224411
    11.150   2.252348
    11.160   2.279740
    11.170   2.306585
    11.180   2.332886
    11.190   2.358642
    11.200   2.383856
    11.210   2.408529
    11.220   2.432663
    11.230   2.456259
    11.240   2.479321
    11.250   2.501849
    11.260   2.523847
    11.270   2.545316
    11.280   2.566260
    11.290   2.586681
    11.300   2.606581
    11.310   2.625963
    11.320   2.644829
    11.330   2.663182
    11.340   2.681024
    11.350   2.698358
    11.360   2.715186
    11.370   2.731511
    11.380   2.747335
    11.390   2.762659
    11.400   2.777488
    11.410   2.791821
    11.420   2.805662
    11.430   2.819014
    11.440   2.831876
    11.450   2.844253
    11.460   2.856144
    11.470   2.867554
    11.480   2.878482
    11.490   2.888931
    11.500   2.898902
    11.510   2.908397
    11.520   2.917417
    11.530   2.925963
    11.540   2.934038
    11.550   2.941642
    11.560   2.948776
    11.570   2.955441
    11.580   2.961639
    11.590   2.967370
    11.600   2.972636
    11.610   2.977436
    11.620   2.981773
    11.630   2.985645
    11.640   2.989055
    11.650   2.992003
    11.660   2.994488
    11.670   2.996512
    11.680   2.998075
    11.690   2.999177
    11.700   2.999817
    11.710   2.999997
    11.720   2.999716
    11.730   2.998975
    11.740   2.997773
    11.750   2.996109
    11.760   2.993984
    11.770   2.991398
    11.780   2.988349
    11.790   2.984838
    11.800   2.980864
    11.810   2.976426
    11.820   2.971524
    11.830   2.966157
    11.840   2.960323
    11.850   2.954023
    11.860   2.947256
    11.870   2.940019
    11.880   2.932312
    11.890   2.924135
    11.900   2.915484
    11.910   2.906361
    11.920   2.896762
    11.930   2.886686
    11.940   2.876133
    11.950   2.865100
    11.960   2.853585
    11.970   2.841587
    11.980   2.829105
    11.990   2.816135
    12.000   2.802677
    12.010   2.788728
    12.020   2.774287
    12.030   2.759350
    12.040   2.743917
    12.050   2.727984
    12.060   2.711549
    12.070   2.694610
    12.080   2.677166
    12.090   2.659212
    12.100   2.640747
    12.110   2.621768
    12.120   2.602273
    12.130   2.582259
    12.140   2.561725
    12.150   2.540666
    12.160   2.519081
    12.170   2.496967
    12.180   2.474323
    12.190   2.451144
    12.200   2.427431
    12.210   2.403179
    12.220   2.378388
    12.230   2.353056
    12.240   2.327180
    12.250   2.300761
    12.260   2.273796
    12.270   2.246285
    12.280   2.218228
    12.290   2.189625
    12.300   2.160478
    12.310   2.130788
    12.320   2.100557
    12.330   2.069789
    12.340   2.038488
    12.350   2.006660
    12.360   1.974312
    12.370   1.941453
    12.380   1.908093
    12.390   1.874247
    12.400   1.839930
    12.410   1.805161
    12.420   1.769961
    12.430   1.734359
    12.440   1.698384
    12.450   1.662074
    12.460   1.625472
    12.470   1.588628
    12.480   1.551601
    12.490   1.514462
    12.500   1.477288
    12.510   1.440174
    12.520   1.403228
    12.530   1.366574
    12.540   1.330355
    12.550   1.294735
    12.560   1.259902
    12.570   1.226067
    12.580   1.193466
    12.590   1.162363
    12.600   1.133045
    12.610   1.105820
    12.620   1.081013
    12.630   1.058957
    12.640   1.039979
    12.650   1.024390
    12.660   1.012466
    12.670   1.004433
    12.680   1.000448
    12.690   1.000593
    12.700   1.004866
    12.710   1.013179
    12.720   1.025369
    12.730   1.041205
    12.740   1.060410
    12.750   1.082670
    12.760   1.107657
    12.770   1.135040
    12.780   1.164493
    12.790   1.195711
    12.800   1.228406
    12.810   1.262319
    12.820   1.297214
    12.830   1.332882
    12.840   1.369136
    12.850   1.405816
    12.860   1.442777
    12.870   1.479899
    12.880   1.517073
    12.890   1.554207
    12.900   1.591223
    12.910   1.628051
    12.920   1.664635
    12.930   1.700923
    12.940   1.736872
    12.950   1.772448
    12.960   1.807618
    12.970   1.842356
    12.980   1.876641
    12.990   1.910453
    13.000   1.943777
    13.010   1.976601
    13.020   2.008912
    13.030   2.040704
    13.040   2.071968
    13.050   2.102698
    13.060   2.132891
    13.070   2.162543
    13.080   2.191652
    13.090   2.220217
    13.100   2.248235
    13.110   2.275708
    13.120   2.302634
    13.130   2.329016
    13.140   2.354853
    13.150   2.380147
    13.160   2.404901
    13.170   2.429114
    13.180   2.452790
    13.190   2.475931
    13.200   2.498538
    13.210   2.520614
    13.220   2.542162
    13.230   2.563184
    13.240   2.583682
    13.250   2.603660
    13.260   2.623118
    13.270   2.642061
    13.280   2.660490
    13.290   2.678408
    13.300   2.695817
    13.310   2.712720
    13.320   2.729119
    13.330   2.745017
    13.340   2.760416
    13.350   2.775318
    13.360   2.789724
    13.370   2.803639
    13.380   2.817062
    13.390   2.829997
    13.400   2.842446
    13.410   2.854410
    13.420   2.865890
    13.430   2.876890
    13.440   2.887410
    13.450   2.897452
    13.460   2.907017
    13.470   2.916108
    13.480   2.924724
    13.490   2.932869
    13.500   2.940543
    13.510   2.947746
    13.520   2.954481
    13.530   2.960748
    13.540   2.966549
    13.550   2.971883
    13.560   2.976753
    13.570   2.981158
    13.580   2.985100
    13.590   2.988578
    13.600   2.991594
    13.610   2.994149
    13.620   2.996241
    13.630   2.997872
    13.640   2.999042
    13.650   2.999751
    13.660   3.000000
    13.670   2.999787
    13.680   2.999114
    13.690   2.997980
    13.700   2.996385
    13.710   2.994329
    13.720   2.991811
    13.730   2.988831
    13.740   2.985389
    13.750   2.981483
    13.760   2.977114
    13.770   2.972281
    13.780   2.966983
    13.790   2.961219
    13.800   2.954988
    13.810   2.948290
    13.820   2.941123
    13.830   2.933486
    13.840   2.925378
    13.850   2.916798
    13.860   2.907745
    13.870   2.898217
    13.880   2.888212
    13.890   2.877730
    13.900   2.866768
    13.910   2.855325
    13.920   2.843399
    13.930   2.830989
    13.940   2.818092
    13.950   2.804706
    13.960   2.790830
    13.970   2.776462
    13.980   2.761599
    13.990   2.746239
    14.000   2.730381
    14.010   2.714021
    14.020   2.697157
    14.030   2.679787
    14.040   2.661909
    14.050   2.643520
    14.060   2.624618
    14.070   2.605200
    14.080   2.585263
    14.090   2.564806
    14.100   2.543825
    14.110   2.522319
    14.120   2.500284
    14.130   2.477718
    14.140   2.454619
    14.150   2.430985
    14.160   2.406814
    14.170   2.382103
    14.180   2.356851
    14.190   2.331056
    14.200   2.304717
    14.210   2.277833
    14.220   2.250403
    14.230   2.222428
    14.240   2.193906
    14.250   2.164840
    14.260   2.135230
    14.270   2.105079
    14.280   2.074390
    14.290   2.043168
    14.300   2.011418
    14.310   1.979146
    14.320   1.946363
    14.330   1.913077
    14.340   1.879302
    14.350   1.845054
    14.360   1.810350
    14.370   1.775213
    14.380   1.739669
    14.390   1.703747
    14.400   1.667484
    14.410   1.630922
    14.420   1.594111
    14.430   1.557107
    14.440   1.519979
    14.450   1.482805
    14.460   1.445676
    14.470   1.408698
    14.480   1.371992
    14.490   1.335698
    14.500   1.299978
    14.510   1.265016
    14.520   1.231018
    14.530   1.198218
    14.540   1.166875
    14.550   1.137273
    14.560   1.109717
    14.570   1.084530
    14.580   1.062045
    14.590   1.042589
    14.600   1.026479
    14.610   1.013995
    14.620   1.005372
    14.630   1.000779
    14.640   1.000310
    14.650   1.003973
    14.660   1.011695
    14.670   1.023322
    14.680   1.038634
    14.690   1.057358
    14.700   1.079185
    14.710   1.103789
    14.720   1.130836
    14.730   1.160002
    14.740   1.190976
    14.750   1.223470
    14.760   1.257217
    14.770   1.291980
    14.780   1.327545
    14.790   1.363724
    14.800   1.400349
    14.810   1.437277
    14.820   1.474382
    14.830   1.511554
    14.840   1.548700
    14.850   1.585738
    14.860   1.622598
    14.870   1.659221
    14.880   1.695556
    14.890   1.731558
    14.900   1.767191
    14.910   1.802423
    14.920   1.837227
    14.930   1.871580
    14.940   1.905464
    14.950   1.938862
    14.960   1.971760
    14.970   2.004148
    14.980   2.036017
    14.990   2.067360
    15.000   2.098170
    15.010   2.128443
    15.020   2.158176
    15.030   2.187366
    15.040   2.216011
    15.050   2.244110
    15.060   2.271664
    15.070   2.298671
    15.080   2.325134
    15.090   2.351052
    15.100   2.376427
    15.110   2.401260
    15.120   2.425554
    15.130   2.449309
    15.140   2.472529
    15.150   2.495215
    15.160   2.517371
    15.170   2.538997
    15.180   2.560097
    15.190   2.580672
    15.200   2.600727
    15.210   2.620262
    15.220   2.639281
    15.230   2.657786
    15.240   2.675780
    15.250   2.693264
    15.260   2.710243
    15.270   2.726717
    15.280   2.742689
    15.290   2.758161
    15.300   2.773137
    15.310   2.787617
    15.320   2.801604
    15.330   2.815101
    15.340   2.828108
    15.350   2.840629
    15.360   2.852664
    15.370   2.864216
    15.380   2.875287
    15.390   2.885878
    15.400   2.895991
    15.410   2.905627
    15.420   2.914788
    15.430   2.923475
    15.440   2.931690
    15.450   2.939433
    15.460   2.946706
    15.470   2.953511
    15.480   2.959848
    15.490   2.965717
    15.500   2.971121
    15.510   2.976059
    15.520   2.980534
    15.530   2.984544
    15.540   2.988091
    15.550   2.991176
    15.560   2.993799
    15.570   2.995959
    15.580   2.997659
    15.590   2.998898
    15.600   2.999675
    15.610   2.999992
    15.620   2.999848
    15.630   2.999243
    15.640   2.998178
    15.650   2.996651
    15.660   2.994663
    15.670   2.992214
    15.680   2.989303
    15.690   2.985929
    15.700   2.982092
    15.710   2.977792
    15.720   2.973028
    15.730   2.967799
    15.740   2.962104
    15.750   2.955943
    15.760   2.949314
    15.770   2.942216
    15.780   2.934650
    15.790   2.926612
    15.800   2.918102
    15.810   2.909119
    15.820   2.899661
    15.830   2.889728
    15.840   2.879316
    15.850   2.868426
    15.860   2.857054
    15.870   2.845200
    15.880   2.832862
    15.890   2.820037
    15.900   2.806724
    15.910   2.792921
    15.920   2.778626
    15.930   2.763837
    15.940   2.748551
    15.950   2.732767
    15.960   2.716481
    15.970   2.699692
    15.980   2.682398
    15.990   2.664596
    16.000   2.646283
