0.000 0.435
0.025 1.304
0.050 2.173
0.075 3.042
0.100 3.911
0.125 4.780
0.150 5.649
0.175 6.518
0.200 7.377
0.225 8.343
0.250 7.672
0.275 8.685
0.300 9.858
0.325 10.827
0.350 11.609
0.375 12.266
0.400 12.796
0.425 13.246
0.450 13.605
0.475 13.908
0.500 14.152
0.525 14.365
0.550 14.541
0.575 14.700
0.600 14.836
0.625 14.965
0.650 15.079
0.675 15.189
0.700 15.289
0.725 15.387
0.750 15.478
0.775 15.566
0.800 15.650
0.825 15.731
0.850 15.807
0.875 15.880
0.900 15.949
0.925 16.016
0.950 16.078
0.975 16.137
1.000 16.192
1.025 16.244
1.050 16.292
1.075 16.337
1.100 16.379
1.125 16.418
1.150 16.455
1.175 16.489
1.200 16.521
1.225 16.552
1.250 16.580
1.275 16.606
1.300 16.631
1.325 16.655
1.350 16.677
1.375 16.699
1.400 16.719
1.425 16.738
1.450 16.757
1.475 16.775
1.500 16.792
1.525 16.809
1.550 16.826
1.575 16.842
1.600 16.857
1.625 16.872
1.650 16.887
1.675 16.902
1.700 16.916
1.725 16.930
1.750 16.944
1.775 16.957
1.800 16.970
1.825 16.983
1.850 16.996
1.875 17.008
1.900 17.020
1.925 17.032
1.950 17.043
1.975 17.055
2.000 17.066
2.025 17.077
2.050 17.087
2.075 17.097
2.100 17.108
2.125 17.117
2.150 17.127
2.175 17.137
2.200 17.146
2.225 17.155
2.250 17.164
2.275 17.172
2.300 17.181
2.325 17.189
2.350 17.197
2.375 17.205
2.400 17.213
2.425 17.221
2.450 17.228
2.475 17.235
2.500 17.243
2.525 17.250
2.550 17.256
2.575 17.263
2.600 17.270
2.625 17.276
2.650 17.283
2.675 17.289
2.700 17.295
2.725 17.301
2.750 17.306
2.775 17.312
2.800 17.317
2.825 17.323
2.850 17.328
2.875 17.333
2.900 17.338
2.925 17.343
2.950 17.348
2.975 17.352
3.000 17.357
3.025 17.361
3.050 17.366
3.075 17.370
3.100 17.374
3.125 17.378
3.150 17.382
3.175 17.386
3.200 17.390
3.225 17.390
3.250 17.397
3.275 17.397
3.300 17.403
3.325 17.403
3.350 17.410
3.375 17.410
3.400 17.416
3.425 17.416
3.450 17.422
3.475 17.422
3.500 17.428
3.525 17.428
3.550 17.434
3.575 17.434
3.600 17.439
3.625 17.439
3.650 17.444
3.675 17.444
3.700 17.450
3.725 17.450
3.750 17.454
3.775 17.454
3.800 17.459
3.825 17.459
3.850 17.464
3.875 17.464
3.900 17.468
3.925 17.468
3.950 17.473
3.975 17.473
4.000 17.477
4.025 17.477
4.050 17.481
4.075 17.481
4.100 17.485
4.125 17.485
4.150 17.489
4.175 17.489
4.200 17.493
4.225 17.493
4.250 17.496
4.275 17.496
4.300 17.500
4.325 17.500
4.350 17.504
4.375 17.504
4.400 17.507
4.425 17.507
4.450 17.510
4.475 17.510
4.500 17.514
4.525 17.514
4.550 17.517
4.575 17.517
4.600 17.520
4.625 17.520
4.650 17.523
4.675 17.523
4.700 17.526
4.725 17.526
4.750 17.529
4.775 17.529
4.800 17.532
4.825 17.532
4.850 17.535
4.875 17.535
4.900 17.538
4.925 17.538
4.950 17.541
4.975 17.541
5.000 17.543
5.025 17.543
5.050 17.546
5.075 17.546
5.100 17.549
5.125 17.549
5.150 17.551
5.175 17.551
5.200 17.554
5.225 17.554
5.250 17.556
5.275 17.556
5.300 17.558
5.325 17.558
5.350 17.561
5.375 17.561
5.400 17.563
5.425 17.563
5.450 17.565
5.475 17.565
5.500 17.568
5.525 17.568
5.550 17.570
5.575 17.570
5.600 17.572
5.625 17.572
5.650 17.574
5.675 17.574
5.700 17.576
5.725 17.576
5.750 17.578
5.775 17.578
5.800 17.580
5.825 17.580
5.850 17.582
5.875 17.582
5.900 17.584
5.925 17.584
5.950 17.586
5.975 17.586
