0.000 0.431
0.025 1.293
0.050 2.155
0.075 3.017
0.100 3.879
0.125 4.741
0.150 5.603
0.175 6.465
0.200 7.325
0.225 8.195
0.250 9.575
0.275 10.212
0.300 10.881
0.325 11.176
0.350 11.596
0.375 11.794
0.400 12.101
0.425 12.244
0.450 12.475
0.475 12.580
0.500 12.754
0.525 12.830
0.550 12.959
0.575 13.014
0.600 13.110
0.625 13.153
0.650 13.226
0.675 13.259
0.700 13.315
0.725 13.341
0.750 13.384
0.775 13.406
0.800 13.439
0.825 13.457
0.850 13.483
0.875 13.499
0.900 13.520
0.925 13.533
0.950 13.550
0.975 13.561
1.000 13.575
1.025 13.586
1.050 13.599
1.075 13.610
1.100 13.621
1.125 13.631
1.150 13.642
1.175 13.651
1.200 13.661
1.225 13.671
1.250 13.680
1.275 13.689
1.300 13.698
1.325 13.707
1.350 13.715
1.375 13.724
1.400 13.732
1.425 13.740
1.450 13.748
1.475 13.756
1.500 13.763
1.525 13.771
1.550 13.778
1.575 13.785
1.600 13.791
1.625 13.798
1.650 13.804
1.675 13.811
1.700 13.817
1.725 13.823
1.750 13.828
1.775 13.834
1.800 13.839
1.825 13.844
1.850 13.849
1.875 13.854
1.900 13.859
1.925 13.863
1.950 13.867
1.975 13.872
2.000 13.876
2.025 13.879
2.050 13.883
2.075 13.887
2.100 13.890
2.125 13.894
2.150 13.897
2.175 13.900
2.200 13.903
2.225 13.906
2.250 13.909
2.275 13.912
2.300 13.915
2.325 13.917
2.350 13.920
2.375 13.922
2.400 13.925
2.425 13.927
2.450 13.929
2.475 13.931
2.500 13.934
2.525 13.936
2.550 13.938
2.575 13.940
2.600 13.942
2.625 13.944
2.650 13.946
2.675 13.947
2.700 13.949
2.725 13.951
2.750 13.953
2.775 13.954
2.800 13.956
2.825 13.958
2.850 13.959
2.875 13.961
2.900 13.962
2.925 13.964
2.950 13.965
2.975 13.967
3.000 13.968
3.025 13.969
3.050 13.971
3.075 13.972
3.100 13.973
3.125 13.975
3.150 13.976
3.175 13.977
3.200 13.978
3.225 13.978
3.250 13.981
3.275 13.981
3.300 13.983
3.325 13.983
3.350 13.985
3.375 13.985
3.400 13.987
3.425 13.987
3.450 13.989
3.475 13.989
3.500 13.991
3.525 13.991
3.550 13.993
3.575 13.993
3.600 13.995
3.625 13.995
3.650 13.996
3.675 13.996
3.700 13.998
3.725 13.998
3.750 13.999
3.775 13.999
3.800 14.001
3.825 14.001
3.850 14.002
3.875 14.002
3.900 14.004
3.925 14.004
3.950 14.005
3.975 14.005
4.000 14.007
4.025 14.007
4.050 14.008
4.075 14.008
4.100 14.009
4.125 14.009
4.150 14.010
4.175 14.010
4.200 14.011
4.225 14.011
4.250 14.012
4.275 14.012
4.300 14.013
4.325 14.013
4.350 14.014
4.375 14.014
4.400 14.015
4.425 14.015
4.450 14.016
4.475 14.016
4.500 14.017
4.525 14.017
4.550 14.018
4.575 14.018
4.600 14.019
4.625 14.019
4.650 14.020
4.675 14.020
4.700 14.021
4.725 14.021
4.750 14.022
4.775 14.022
4.800 14.022
4.825 14.022
4.850 14.023
4.875 14.023
4.900 14.024
4.925 14.024
4.950 14.025
4.975 14.025
5.000 14.025
5.025 14.025
5.050 14.026
5.075 14.026
5.100 14.027
5.125 14.027
5.150 14.027
5.175 14.027
5.200 14.028
5.225 14.028
5.250 14.029
5.275 14.029
5.300 14.029
5.325 14.029
5.350 14.030
5.375 14.030
5.400 14.030
5.425 14.030
5.450 14.031
5.475 14.031
5.500 14.032
5.525 14.032
5.550 14.032
5.575 14.032
5.600 14.033
5.625 14.033
5.650 14.033
5.675 14.033
5.700 14.034
5.725 14.034
5.750 14.034
5.775 14.034
5.800 14.035
5.825 14.035
5.850 14.035
5.875 14.035
5.900 14.035
5.925 14.035
5.950 14.036
5.975 14.036
