     0.000  17.623064  -0.153588  17.622394
     0.010  17.623406  -0.218433  17.622052
     0.020  17.628819  -0.655261  17.616637
     0.030  17.639647  -1.092190  17.605802
     0.040  17.655890  -1.529286  17.589535
     0.050  17.677552  -1.966618  17.567819
     0.060  17.704635  -2.404251  17.540629
     0.070  17.737144  -2.842253  17.507938
     0.080  17.775085  -3.280692  17.469708
     0.090  17.818464  -3.719635  17.425899
     0.100  17.867288  -4.159149  17.376463
     0.110  17.921567  -4.599302  17.321345
     0.120  17.981311  -5.040160  17.260485
     0.130  18.046531  -5.481792  17.193814
     0.140  18.117241  -5.924265  17.121259
     0.150  18.193456  -6.367647  17.042737
     0.160  18.275192  -6.812005  16.958161
     0.170  18.362469  -7.257407  16.867433
     0.180  18.455307  -7.703921  16.770449
     0.190  18.553730  -8.151613  16.667097
     0.200  18.657764  -8.600552  16.557255
     0.210  18.767438  -9.050803  16.440793
     0.220  18.882782  -9.502435  16.317573
     0.230  19.003833  -9.955514  16.187446
     0.240  19.130627 -10.410105  16.050253
     0.250  19.263207 -10.866275  15.905823
     0.260  19.401618 -11.324088  15.753977
     0.270  19.545909 -11.783608  15.594523
     0.280  19.696135 -12.244900  15.427254
     0.290  19.852354 -12.708024  15.251954
     0.300  20.014630 -13.173042  15.068390
     0.310  20.183032 -13.640013  14.876318
     0.320  20.357633 -14.108993  14.675474
     0.330  20.538515 -14.580039  14.465582
     0.340  20.725763 -15.053203  14.246345
     0.350  20.919472 -15.528533  14.017451
     0.360  21.119740 -16.006078  13.778566
     0.370  21.326676 -16.485877  13.529337
     0.380  21.540396 -16.967970  13.269387
     0.390  21.761022 -17.452389  12.998316
     0.400  21.988689 -17.939159  12.715699
     0.410  22.223537 -18.428301  12.421084
     0.420  22.465719 -18.919824  12.113991
     0.430  22.715397 -19.413733  11.793907
     0.440  22.972745 -19.910017  11.460288
     0.450  23.237947 -20.408658  11.112554
     0.460  23.511201 -20.909620  10.750086
     0.470  23.792718 -21.412855  10.372226
     0.480  24.082722 -21.918294   9.978271
     0.490  24.381452 -22.425849   9.567470
     0.500  24.689162 -22.935409   9.139023
     0.510  25.006124 -23.446834   8.692076
     0.520  25.332625 -23.959956   8.225714
     0.530  25.668972 -24.474571   7.738961
     0.540  26.015490 -24.990432   7.230772
     0.550  26.372526 -25.507249   6.700029
     0.560  26.740446 -26.024678   6.145536
     0.570  27.119641 -26.542314   5.566010
     0.580  27.510522 -27.059683   4.960079
     0.590  27.913527 -27.576228   4.326271
     0.600  28.329120 -28.091305   3.663011
     0.610  28.757789 -28.604158   2.968607
     0.620  29.200052 -29.113911   2.241249
     0.630  29.656452 -29.619549   1.478997
     0.640  30.127561 -30.119891   0.679774
     0.650  30.613979 -30.613568  -0.158646
     0.660  31.116335 -31.098996  -1.038637
     0.670  31.635281 -31.574336  -1.962740
     0.680  32.171496 -32.037459  -2.933659
     0.690  32.725677 -32.485900  -3.954268
     0.700  33.298539 -32.916801  -5.027615
     0.710  33.890804 -33.326851  -6.156914
     0.720  34.503194 -33.712215  -7.345541
     0.730  35.136420 -34.068452  -8.597011
     0.740  35.791159 -34.390417  -9.914955
     0.750  36.468041 -34.672158 -11.303074
     0.760  37.167610 -34.906790 -12.765080
     0.770  37.890297 -35.086364 -14.304605
     0.780  38.636366 -35.201713 -15.925081
     0.790  39.405857 -35.242298 -17.629576
     0.800  40.198508 -35.196041 -19.420575
     0.810  41.013667 -35.049165 -21.299694
     0.820  41.850172 -34.786049 -23.267310
     0.830  42.706215 -34.389130 -25.322097
     0.840  43.579178 -33.838869 -27.460439
     0.850  44.465442 -33.113840 -29.675733
     0.860  45.360178 -32.190986 -31.957568
     0.870  46.257124 -31.046135 -34.290800
     0.880  47.148364 -29.654836 -36.654589
     0.890  48.024147 -27.993619 -39.021481
     0.900  48.872769 -26.041737 -41.356686
     0.910  49.680590 -23.783407 -43.617778
     0.920  50.432229 -21.210471 -45.755062
     0.930  51.111013 -18.325266 -47.712894
     0.940  51.699699 -15.143317 -49.432164
     0.950  52.181492 -11.695332 -50.853980
     0.960  52.541259  -8.027874 -51.924341
     0.970  52.766838  -4.202226 -52.599244
     0.980  52.850204  -0.291215 -52.849402
     0.990  52.788313   3.625779 -52.663647
     1.000  52.583430   7.468906 -52.050288
     1.010  52.242881  11.164016 -51.036098
     1.020  51.778285  14.647866 -49.663174
     1.030  51.204415  17.871588 -47.984357
     1.040  50.537902  20.802127 -46.058127
     1.050  49.795990  23.421808 -43.943822
     1.060  48.995492  25.726497 -41.697788
     1.070  48.152013  27.722978 -39.370710
     1.080  47.279471  29.426081 -37.006137
     1.090  46.389860  30.855968 -34.639983
     1.100  45.493218  32.035828 -32.300753
     1.110  44.597722  32.990057 -30.010213
     1.120  43.709864  33.742932 -27.784290
     1.130  42.834674  34.317713 -25.634038
     1.140  41.975935  34.736090 -23.566569
     1.150  41.136400  35.017890 -21.585894
     1.160  40.317989  35.180972 -19.693640
     1.170  39.521947  35.241236 -17.889651
     1.180  38.748998  35.212727 -16.172468
     1.190  37.999452  35.107763 -14.539715
     1.200  37.273309  34.937103 -12.988396
     1.210  36.570335  34.710106 -11.515120
     1.220  35.890122  34.434892 -10.116278
     1.230  35.232137  34.118494  -8.788162
     1.240  34.595763  33.766997  -7.527066
     1.250  33.980327  33.385655  -6.329346
     1.260  33.385123  32.979010  -5.191466
     1.270  32.809430  32.550981  -4.110029
     1.280  32.252524  32.104950  -3.081795
     1.290  31.713689  31.643839  -2.103694
     1.300  31.192226  31.170169  -1.172824
     1.310  30.687452  30.686115  -0.286455
     1.320  30.198710  30.193555   0.557975
     1.330  29.725369  29.694110   1.362867
     1.340  29.266825  29.189179   2.130467
     1.350  28.822501  28.679968   2.862873
     1.360  28.391850  28.167516   3.562046
     1.370  27.974349  27.652719   4.229816
     1.380  27.569507  27.136348   4.867889
     1.390  27.176856  26.619064   5.477858
     1.400  26.795956  26.101436   6.061211
     1.410  26.426389  25.583949   6.619333
     1.420  26.067763  25.067018   7.153520
     1.430  25.719707  24.550995   7.664981
     1.440  25.381872  24.036180   8.154845
     1.450  25.053931  23.522823   8.624168
     1.460  24.735573  23.011134   9.073935
     1.470  24.426509  22.501288   9.505070
     1.480  24.126463  21.993428   9.918435
     1.490  23.835181  21.487669  10.314840
     1.500  23.552420  20.984103  10.695042
     1.510  23.277954  20.482800  11.059750
     1.520  23.011571  19.983813  11.409629
     1.530  22.753071  19.487177  11.745303
     1.540  22.502266  18.992916  12.067359
     1.550  22.258983  18.501038  12.376345
     1.560  22.023057  18.011544  12.672779
     1.570  21.794335  17.524423  12.957146
     1.580  21.572673  17.039657  13.229902
     1.590  21.357937  16.557221  13.491475
     1.600  21.150003  16.077084  13.742270
     1.610  20.948753  15.599208  13.982666
     1.620  20.754078  15.123552  14.213020
     1.630  20.565878  14.650070  14.433668
     1.640  20.384058  14.178713  14.644927
     1.650  20.208530  13.709430  14.847095
     1.660  20.039214  13.242165  15.040451
     1.670  19.876034  12.776861  15.225261
     1.680  19.718921  12.313459  15.401771
     1.690  19.567810  11.851900  15.570217
     1.700  19.422642  11.392121  15.730817
     1.710  19.283362  10.934059  15.883779
     1.720  19.149921  10.477649  16.029296
     1.730  19.022272  10.022828  16.167552
     1.740  18.900372   9.569529  16.298717
     1.750  18.784183   9.117687  16.422951
     1.760  18.673671   8.667235  16.540406
     1.770  18.568802   8.218106  16.651221
     1.780  18.469549   7.770233  16.755528
     1.790  18.375884   7.323549  16.853449
     1.800  18.287784   6.877987  16.945098
     1.810  18.205227   6.433478  17.030580
     1.820  18.128195   5.989956  17.109994
     1.830  18.056670   5.547352  17.183428
     1.840  17.990636   5.105599  17.250967
     1.850  17.930081   4.664630  17.312684
     1.860  17.874993   4.224377  17.368650
     1.870  17.825360   3.784773  17.418925
     1.880  17.781174   3.345750  17.463565
     1.890  17.742427   2.907240  17.502619
     1.900  17.709113   2.469177  17.536130
     1.910  17.681225   2.031494  17.564133
     1.920  17.658760   1.594122  17.586659
     1.930  17.641714   1.156995  17.603733
     1.940  17.630083   0.720046  17.615373
     1.950  17.623867   0.283207  17.621591
     1.960  17.623064  -0.153588  17.622394
     1.970  17.627673  -0.590407  17.617783
     1.980  17.637697  -1.027317  17.607754
     1.990  17.653136  -1.464384  17.592294
     2.000  17.673993  -1.901676  17.571388
     2.010  17.700271  -2.339260  17.545013
     2.020  17.731975  -2.777204  17.513140
     2.030  17.769109  -3.215574  17.475735
     2.040  17.811680  -3.654437  17.432757
     2.050  17.859695  -4.093862  17.384160
     2.060  17.913164  -4.533916  17.329889
     2.070  17.972096  -4.974665  17.269885
     2.080  18.036502  -5.416178  17.204082
     2.090  18.106396  -5.858522  17.132405
     2.100  18.181793  -6.301765  17.054775
     2.110  18.262708  -6.745974  16.971103
     2.120  18.349161  -7.191217  16.881295
     2.130  18.441172  -7.637561  16.785247
     2.140  18.538765  -8.085074  16.682847
     2.150  18.641964  -8.533823  16.573976
     2.160  18.750799  -8.983875  16.458506
     2.170  18.865299  -9.435298  16.336299
     2.180  18.985500  -9.888158  16.207207
     2.190  19.111439 -10.342520  16.071073
     2.200  19.243157 -10.798452  15.927729
     2.210  19.380699 -11.256017  15.776996
     2.220  19.524115 -11.715280  15.618683
     2.230  19.673456 -12.176304  15.452588
     2.240  19.828781 -12.639153  15.278494
     2.250  19.990154 -13.103886  15.096173
     2.260  20.157642 -13.570563  14.905380
     2.270  20.331318 -14.039242  14.705855
     2.280  20.511262 -14.509977  14.497324
     2.290  20.697559 -14.982823  14.279495
     2.300  20.890302 -15.457829  14.052055
     2.310  21.089590 -15.935042  13.814675
     2.320  21.295530 -16.414505  13.567005
     2.330  21.508234 -16.896255  13.308671
     2.340  21.727827 -17.380326  13.039277
     2.350  21.954440 -17.866746  12.758402
     2.360  22.188213 -18.355535  12.465598
     2.370  22.429296 -18.846704  12.160389
     2.380  22.677851 -19.340259  11.842267
     2.390  22.934048 -19.836192  11.510694
     2.400  23.198072 -20.334484  11.165093
     2.410  23.470118 -20.835105  10.804853
     2.420  23.750395 -21.338006  10.429321
     2.430  24.039124 -21.843123  10.037801
     2.440  24.336542 -22.350370   9.629551
     2.450  24.642903 -22.859640   9.203776
     2.460  24.958473 -23.370799   8.759632
     2.470  25.283539 -23.883681   8.296212
     2.480  25.618405 -24.398088   7.812551
     2.490  25.963392 -24.913781   7.307613
     2.500  26.318844 -25.430477   6.780292
     2.510  26.685124 -25.947839   6.229404
     2.520  27.062619 -26.465473   5.653678
     2.530  27.451738 -26.982914   5.051758
     2.540  27.852915 -27.499621   4.422186
     2.550  28.266609 -28.014960   3.763401
     2.560  28.693305 -28.528195   3.073732
     2.570  29.133516 -29.038470   2.351386
     2.580  29.587781 -29.544789   1.594442
     2.590  30.056669 -30.045998   0.800844
     2.600  30.540776 -30.540760  -0.031610
     2.610  31.040725 -31.027521  -0.905273
     2.620  31.557166 -31.504486  -1.822661
     2.630  32.090774 -31.969570  -2.786452
     2.640  32.642243 -32.420361  -3.799496
     2.650  33.212285 -32.854064  -4.864814
     2.660  33.801624 -33.267438  -5.985598
     2.670  34.410982 -33.656732  -7.165198
     2.680  35.041070 -34.017600  -8.407111
     2.690  35.692575 -34.345008  -9.714953
     2.700  36.366132 -34.633131 -11.092420
     2.710  37.062303 -34.875232 -12.543225
     2.720  37.781537 -35.063528 -14.071018
     2.730  38.524126 -35.189043 -15.679272
     2.740  39.290148 -35.241452 -17.371119
     2.750  40.079391 -35.208915 -19.149149
     2.760  40.891269 -35.077917 -21.015127
     2.770  41.724702 -34.833120 -22.969643
     2.780  42.577988 -34.457252 -25.011655
     2.790  43.448641 -33.931066 -27.137929
     2.800  44.333204 -33.233405 -29.342355
     2.810  45.227041 -32.341428 -31.615143
     2.820  46.124117 -31.231084 -33.941914
     2.830  47.016774 -29.877896 -36.302733
     2.840  47.895544 -28.258149 -38.671180
     2.850  48.749015 -26.350564 -41.013586
     2.860  49.563826 -24.138460 -43.288655
     2.870  50.324836 -21.612367 -45.447714
     2.880  51.015521 -18.772884 -47.435875
     2.890  51.618668 -15.633431 -49.194337
     2.900  52.117341 -12.222377 -50.663900
     2.910  52.496079  -8.583958 -51.789516
     2.920  52.742197  -4.777422 -52.525381
     2.930  52.846995  -0.874159 -52.839765
     2.940  52.806654   3.047054 -52.718670
     2.950  52.622651   6.906036 -52.167519
     2.960  52.301600  10.627430 -51.210498
     2.970  51.854549  14.146105 -49.887693
     2.980  51.295880  17.410919 -48.250670
     2.990  50.642032  20.386458 -46.357391
     3.000  49.910230  23.052849 -44.267338
     3.010  49.117407  25.404104 -42.037497
     3.020  48.279385  27.445565 -39.719516
     3.030  47.410351  29.191048 -37.358053
     3.040  46.522593  30.660080 -34.990159
     3.050  45.626435  31.875528 -32.645402
     3.060  44.730319  32.861704 -30.346497
     3.070  43.840977  33.642968 -28.110176
     3.080  42.963640  34.242774 -25.948155
     3.090  42.102261  34.683070 -23.868076
     3.100  41.259737  34.983969 -21.874363
     3.110  40.438096  35.163624 -19.968955
     3.120  39.638677  35.238221 -18.151928
     3.130  38.862270  35.222071 -16.421990
     3.140  38.109243  35.127742 -14.776880
     3.150  37.379637  34.966211 -13.213679
     3.160  36.673245  34.747036 -11.729042
     3.170  35.989684  34.478511 -10.319382
     3.180  35.328436  34.167821  -8.981002
     3.190  34.688895  33.821183  -7.710190
     3.200  34.070395  33.443969  -6.503287
     3.210  33.472233  33.040819  -5.356742
     3.220  32.893689  32.615738  -4.267134
     3.230  32.334040  32.172185  -3.231201
     3.240  31.792567  31.713144  -2.245845
     3.250  31.268568  31.241193  -1.308139
     3.260  30.761359  30.758555  -0.415330
     3.270  30.270278  30.267150   0.435171
     3.280  29.794690  29.768634   1.245787
     3.290  29.333986  29.264436   2.018786
     3.300  28.887586  28.755791   2.756290
     3.310  28.454938  28.243760   3.460278
     3.320  28.035517  27.729260   4.132599
     3.330  27.628826  27.213078   4.774977
     3.340  27.234394  26.695892   5.389023
     3.350  26.851776  26.178282   5.976236
     3.360  26.480552  25.660747   6.538020
     3.370  26.120326  25.143709   7.075682
     3.380  25.770723  24.627532   7.590444
     3.390  25.431393  24.112520   8.083446
     3.400  25.102003  23.598932   8.555754
     3.410  24.782241  23.086984   9.008364
     3.420  24.471814  22.576855   9.442209
     3.430  24.170447  22.068692   9.858160
     3.440  23.877879  21.562615  10.257034
     3.450  23.593868  21.058718  10.639595
     3.460  23.318184  20.557076  11.006560
     3.470  23.050614  20.057742  11.358600
     3.480  22.790955  19.560756  11.696345
     3.490  22.539020  19.066141  12.020387
     3.500  22.294631  18.573909  12.331280
     3.510  22.057623  18.084062  12.629546
     3.520  21.827840  17.596589  12.915675
     3.530  21.605139  17.111475  13.190127
     3.540  21.389383  16.628695  13.453334
     3.550  21.180446  16.148219  13.705705
     3.560  20.978211  15.670010  13.947621
     3.570  20.782567  15.194027  14.179444
     3.580  20.593412  14.720225  14.401513
     3.590  20.410650  14.248556  14.614147
     3.600  20.234193  13.778968  14.817646
     3.610  20.063960  13.311407  15.012293
     3.620  19.899874  12.845816  15.198355
     3.630  19.741864  12.382136  15.376083
     3.640  19.589866  11.920307  15.545711
     3.650  19.443820  11.460267  15.707463
     3.660  19.303669  11.001954  15.861546
     3.670  19.169364  10.545304  16.008157
     3.680  19.040857  10.090251  16.147479
     3.690  18.918107   9.636730  16.279686
     3.700  18.801073   9.184676  16.404940
     3.710  18.689720   8.734022  16.523392
     3.720  18.584015   8.284700  16.635184
     3.730  18.483930   7.836645  16.740449
     3.740  18.389437   7.389789  16.839311
     3.750  18.300512   6.944064  16.931884
     3.760  18.217134   6.499404  17.018276
     3.770  18.139282   6.055739  17.098584
     3.780  18.066940   5.613003  17.172901
     3.790  18.000093   5.171129  17.241310
     3.800  17.938725   4.730048  17.303887
     3.810  17.882826   4.289693  17.360702
     3.820  17.832384   3.849996  17.411819
     3.830  17.787390   3.410891  17.457292
     3.840  17.747836   2.972310  17.497173
     3.850  17.713716   2.534185  17.531504
     3.860  17.685023   2.096449  17.560323
     3.870  17.661753   1.659035  17.583660
     3.880  17.643902   1.221876  17.601542
     3.890  17.631467   0.784904  17.613988
     3.900  17.624447   0.348053  17.621010
     3.910  17.622841  -0.088744  17.622617
     3.920  17.626647  -0.525555  17.618810
     3.930  17.635867  -0.962447  17.609585
     3.940  17.650502  -1.399486  17.594933
     3.950  17.670555  -1.836741  17.574837
     3.960  17.696028  -2.274278  17.549275
     3.970  17.726925  -2.712163  17.518220
     3.980  17.763253  -3.150466  17.481639
     3.990  17.805016  -3.589252  17.439492
     4.000  17.852223  -4.028589  17.391732
     4.010  17.904881  -4.468545  17.338307
     4.020  17.963001  -4.909187  17.279158
     4.030  18.026594  -5.350582  17.214220
     4.040  18.095673  -5.792799  17.143420
     4.050  18.170251  -6.235904  17.066679
     4.060  18.250346  -6.679965  16.983910
     4.070  18.335976  -7.125050  16.895019
     4.080  18.427161  -7.571226  16.799904
     4.090  18.523923  -8.018562  16.698455
     4.100  18.626288  -8.467123  16.590553
     4.110  18.734284  -8.916978  16.476071
     4.120  18.847942  -9.368193  16.354873
     4.130  18.967294  -9.820835  16.226812
     4.140  19.092379 -10.274970  16.091734
     4.150  19.223236 -10.730665  15.949472
     4.160  19.359911 -11.187983  15.799847
     4.170  19.502451 -11.646990  15.642672
     4.180  19.650909 -12.107749  15.477746
     4.190  19.805342 -12.570323  15.304854
     4.200  19.965813 -13.034772  15.123769
     4.210  20.132388 -13.501157  14.934249
     4.220  20.305140 -13.969535  14.736038
     4.230  20.484149 -14.439962  14.528862
     4.240  20.669497 -14.912492  14.312432
     4.250  20.861277 -15.387174  14.086440
     4.260  21.059587 -15.864056  13.850557
     4.270  21.264532 -16.343182  13.604437
     4.280  21.476225 -16.824591  13.347711
     4.290  21.694787 -17.308316  13.079985
     4.300  21.920349 -17.794385  12.800842
     4.310  22.153050 -18.282821  12.509838
     4.320  22.393038 -18.773637  12.206502
     4.330  22.640473 -19.266838  11.890331
     4.340  22.895524 -19.762418  11.560790
     4.350  23.158374 -20.260362  11.217309
     4.360  23.429216 -20.760640  10.859283
     4.370  23.708257 -21.263206  10.486064
     4.380  23.995717 -21.767999  10.096964
     4.390  24.291830 -22.274936   9.691245
     4.400  24.596847 -22.783914   9.268125
     4.410  24.911032 -23.294802   8.826763
     4.420  25.234670 -23.807440   8.366265
     4.430  25.568060 -24.321634   7.885672
     4.440  25.911524 -24.837153   7.383961
     4.450  26.265400 -25.353720   6.860036
     4.460  26.630048 -25.871007   6.312724
     4.470  27.005853 -26.388628   5.740770
     4.480  27.393220 -26.906130   5.142827
     4.490  27.792578 -27.422983   4.517456
     4.500  28.204384 -27.938569   3.863112
     4.510  28.629118 -28.452168   3.178138
     4.520  29.067289 -28.962941   2.460761
     4.530  29.519433 -29.469916   1.709080
     4.540  29.986113 -29.971964   0.921059
     4.550  30.467922 -30.467775   0.094519
     4.560  30.965479 -30.955832  -0.772872
     4.570  31.479429 -31.434375  -1.683604
     4.580  32.010445 -31.901367  -2.640330
     4.590  32.559218 -32.354447  -3.645875
     4.600  33.126458 -32.790879  -4.703235
     4.610  33.712886 -33.207495  -5.815577
     4.620  34.319226 -33.600624  -6.986227
     4.630  34.946193 -33.966012  -8.218664
     4.640  35.594476 -34.298735  -9.516487
     4.650  36.264722 -34.593093 -10.883382
     4.660  36.957505 -34.842491 -12.323066
     4.670  37.673292 -35.039311 -13.839205
     4.680  38.412403 -35.174764 -15.435305
     4.690  39.174951 -35.238736 -17.114563
     4.700  39.960774 -35.219622 -18.879664
     4.710  40.769347 -35.104165 -20.732516
     4.720  41.599670 -34.877306 -22.673908
     4.730  42.450146 -34.522065 -24.703075
     4.740  43.318413 -34.019488 -26.817148
     4.750  44.201173 -33.348689 -29.010492
     4.760  45.093978 -32.487057 -31.273919
     4.770  45.991016 -31.410680 -33.593790
     4.780  46.884882 -30.095076 -35.951058
     4.790  47.766387 -28.516328 -38.320318
     4.800  48.624412 -26.652666 -40.669015
     4.810  49.445880 -24.486574 -42.956987
     4.820  50.215894 -22.007333 -45.136607
     4.830  50.918100 -19.213865 -47.153794
     4.840  51.535332 -16.117529 -48.950135
     4.850  52.050542 -12.744384 -50.466222
     4.860  52.447968  -9.136314 -51.646076
     4.870  52.714433  -5.350472 -52.442196
     4.880  52.840578  -1.456706 -52.820495
     4.890  52.821819   2.466948 -52.764180
     4.900  52.658844   6.340115 -52.275776
     4.910  52.357537  10.086351 -51.376816
     4.920  51.928348  13.638721 -50.105275
     4.930  51.385246  16.943848 -48.511334
     4.940  50.744444  19.963950 -46.652324
     4.950  50.023127  22.676924 -44.587783
     4.960  49.238329  25.074867 -42.375276
     4.970  48.406076  27.161619 -40.067376
     4.980  47.540822  28.949916 -37.709842
     4.990  46.655145  30.458601 -35.340857
     5.000  45.759656  31.710175 -32.991073
     5.010  44.863069  32.728836 -30.684170
     5.020  43.972357  33.539008 -28.437706
     5.030  43.092959  34.164324 -26.264083
     5.040  42.229005  34.626982 -24.171492
     5.050  41.383534  34.947380 -22.164782
     5.060  40.558694  35.143964 -20.246221
     5.070  39.755914  35.233208 -18.416126
     5.080  38.976059  35.229696 -16.673383
     5.090  38.219552  35.146242 -15.015852
     5.100  37.486476  34.994051 -13.440694
     5.110  36.776659  34.782880 -11.944616
     5.120  36.089738  34.521202 -10.524058
     5.130  35.425214  34.216357  -9.175331
     5.140  34.782492  33.874697  -7.894721
     5.150  34.160912  33.501713  -6.678559
     5.160  33.559776  33.102145  -5.523272
     5.170  32.978365  32.680089  -4.425422
     5.180  32.415957  32.239079  -3.381720
     5.190  31.871830  31.782165  -2.389045
     5.200  31.345281  31.311982  -1.444444
     5.210  30.835622  30.830803  -0.545137
     5.220  30.342187  30.340588   0.311487
     5.230  29.864338  29.843032   1.127877
     5.240  29.401462  29.339596   1.906324
     5.250  28.952974  28.831540   2.648969
     5.260  28.518319  28.319951   3.357813
     5.270  28.096966  27.805764   4.034723
     5.280  27.688416  27.289787   4.681442
     5.290  27.292192  26.772711   5.299596
     5.300  26.907847  26.255131   5.890702
     5.310  26.534958  25.737556   6.456176
     5.320  26.173123  25.220420   6.997340
     5.330  25.821966  24.704094   7.515427
     5.340  25.481132  24.188892   8.011590
     5.350  25.150286  23.675078   8.486906
     5.360  24.829114  23.162875   8.942380
     5.370  24.517320  22.652465   9.378954
     5.380  24.214624  22.144002   9.797509
     5.390  23.920766  21.637609  10.198868
     5.400  23.635499  21.133383  10.583805
     5.410  23.358593  20.631402  10.953041
     5.420  23.089831  20.131723  11.307256
     5.430  22.829010  19.634386  11.647085
     5.440  22.575940  19.139418  11.973125
     5.450  22.330441  18.646833  12.285937
     5.460  22.092347  18.156631  12.586046
     5.470  21.861502  17.668807  12.873947
     5.480  21.637758  17.183345  13.150104
     5.490  21.420979  16.700220  13.414954
     5.500  21.211038  16.219404  13.668909
     5.510  21.007815  15.740860  13.912354
     5.520  20.811199  15.264550  14.145654
     5.530  20.621086  14.790427  14.369150
     5.540  20.437381  14.318445  14.583164
     5.550  20.259994  13.848552  14.788001
     5.560  20.088842  13.380693  14.983946
     5.570  19.923848  12.914813  15.171266
     5.580  19.764940  12.450853  15.350216
     5.590  19.612053  11.988753  15.521032
     5.600  19.465127  11.528452  15.683940
     5.610  19.324104  11.069886  15.839149
     5.620  19.188935  10.612993  15.986857
     5.630  19.059570  10.157707  16.127250
     5.640  18.935967   9.703963  16.260503
     5.650  18.818087   9.251696  16.386779
     5.660  18.705893   8.800838  16.506232
     5.670  18.599352   8.351323  16.619004
     5.680  18.498434   7.903084  16.725230
     5.690  18.403112   7.456054  16.825035
     5.700  18.313362   7.010166  16.918535
     5.710  18.229162   6.565351  17.005837
     5.720  18.150491   6.121543  17.087043
     5.730  18.077332   5.678674  17.162244
     5.740  18.009670   5.236675  17.231525
     5.750  17.947490   4.795481  17.294963
     5.760  17.890779   4.355022  17.352630
     5.770  17.839527   3.915232  17.404588
     5.780  17.793725   3.476044  17.450896
     5.790  17.753364   3.037389  17.491604
     5.800  17.718438   2.599200  17.526756
     5.810  17.688939   2.161411  17.556391
     5.820  17.664865   1.723953  17.580541
     5.830  17.646210   1.286761  17.599232
     5.840  17.632971   0.849766  17.612483
     5.850  17.625147   0.412901  17.620310
     5.860  17.622737  -0.023900  17.622721
     5.870  17.625740  -0.460705  17.619718
     5.880  17.634156  -0.897580  17.611298
     5.890  17.647987  -1.334594  17.597452
     5.900  17.667235  -1.771812  17.578165
     5.910  17.691903  -2.209303  17.553416
     5.920  17.721995  -2.647132  17.523179
     5.930  17.757516  -3.085369  17.487421
     5.940  17.798472  -3.524079  17.446102
     5.950  17.844870  -3.963330  17.399179
     5.960  17.896719  -4.403190  17.346598
     5.970  17.954027  -4.843725  17.288303
     5.980  18.016807  -5.285005  17.224229
     5.990  18.085070  -5.727095  17.154304
     6.000  18.158831  -6.170064  17.078450
     6.010  18.238106  -6.613979  16.996582
     6.020  18.322913  -7.058908  16.908606
     6.030  18.413272  -7.504918  16.814422
     6.040  18.509205  -7.952077  16.713920
     6.050  18.610736  -8.400452  16.606984
     6.060  18.717895  -8.850110  16.493487
     6.070  18.830709  -9.301119  16.373295
     6.080  18.949214  -9.753545  16.246263
     6.090  19.073445 -10.207455  16.112237
     6.100  19.203443 -10.662913  15.971052
     6.110  19.339251 -11.119987  15.822532
     6.120  19.480917 -11.578739  15.666491
     6.130  19.628493 -12.039234  15.502728
     6.140  19.782035 -12.501534  15.331033
     6.150  19.941606 -12.965701  15.151179
     6.160  20.107270 -13.431795  14.962927
     6.170  20.279101 -13.899874  14.766023
     6.180  20.457175 -14.369993  14.560196
     6.190  20.641577 -14.842207  14.345159
     6.200  20.832396 -15.316567  14.120606
     6.210  21.029730 -15.793120  13.886214
     6.220  21.233683 -16.271910  13.641636
     6.230  21.444367 -16.752977  13.386509
     6.240  21.661901 -17.236357  13.120441
     6.250  21.886416 -17.722077  12.843021
     6.260  22.118047 -18.210160  12.553807
     6.270  22.356944 -18.700622  12.252333
     6.280  22.603262 -19.193469  11.938100
     6.290  22.857172 -19.688697  11.610579
     6.300  23.118853 -20.186291  11.269205
     6.310  23.388496 -20.686225  10.913378
     6.320  23.666306 -21.188455  10.542457
     6.330  23.952501 -21.692922  10.155760
     6.340  24.247314 -22.199547   9.752557
     6.350  24.550992 -22.708229   9.332071
     6.360  24.863799 -23.218843   8.893473
     6.370  25.186015 -23.731232   8.435874
     6.380  25.517938 -24.245210   7.958328
     6.390  25.859885 -24.760548   7.459819
     6.400  26.212193 -25.276979   6.939264
     6.410  26.575219 -25.794182   6.395501
     6.420  26.949342 -26.311780   5.827288
     6.430  27.334966 -26.829331   5.233293
     6.440  27.732516 -27.346318   4.612089
     6.450  28.142444 -27.862135   3.962147
     6.460  28.565227 -28.376078   3.281829
     6.470  29.001371 -28.887329   2.569380
     6.480  29.451405 -29.394935   1.822917
     6.490  29.915890 -29.897793   1.040425
     6.500  30.395415 -30.394620   0.219747
     6.510  30.890593 -30.883933  -0.641426
     6.520  31.402069 -31.364011  -1.545560
     6.530  31.930507 -31.832858  -2.495283
     6.540  32.476600 -32.288167  -3.493396
     6.550  33.041053 -32.727259  -4.542868
     6.560  33.624586 -33.147036  -5.646841
     6.570  34.227925 -33.543905  -6.808619
     6.580  34.851785 -33.913705  -8.031658
     6.590  35.496862 -34.251618  -9.319542
     6.600  36.163809 -34.552065 -10.675948
     6.610  36.853213 -34.808593 -12.104592
     6.620  37.565561 -35.013745 -13.609154
     6.630  38.301197 -35.158913 -15.193172
     6.640  39.060268 -35.234192 -16.859901
     6.650  39.842660 -35.228209 -18.612115
     6.660  40.647905 -35.127961 -20.451858
     6.670  41.475084 -34.918666 -22.380111
     6.680  42.322697 -34.583635 -24.396371
     6.690  43.188507 -34.104205 -26.498120
     6.700  44.069366 -33.459770 -28.680181
     6.710  44.961012 -32.627955 -30.933948
     6.720  45.857848 -31.585002 -33.246502
     6.730  46.752721 -30.306454 -35.599660
     6.740  47.636716 -28.768219 -37.969017
     6.750  48.499006 -26.948092 -40.323120
     6.760  49.326802 -24.827770 -42.622943
     6.770  50.105458 -22.395351 -44.821928
     6.780  50.818805 -19.648143 -46.866848
     6.790  51.449745 -16.595498 -48.699751
     6.800  51.981143 -13.261185 -50.261120
     6.810  52.396964  -9.684729 -51.494154
     6.820  52.683568  -5.921129 -52.349771
     6.830  52.830957  -2.038589 -52.791611
     6.840  52.833796   1.885722 -52.800133
     6.850  52.691980   5.771380 -52.374955
     6.860  52.410649   9.540974 -51.534900
     6.870  51.999633  13.125860 -50.315740
     6.880  51.472457  16.470466 -48.766152
     6.890  50.845083  19.534647 -46.942731
     6.900  50.134627  22.294036 -44.904976
     6.910  49.358208  24.738757 -42.710966
     6.920  48.532044  26.871084 -40.414157
     6.930  47.670847  28.702616 -38.061391
     6.940  46.787483  30.251452 -35.691991
     6.950  45.892856  31.539688 -33.337700
     6.960  44.995951  32.591375 -31.023184
     6.970  44.103989  33.430976 -28.766850
     6.980  43.222621  34.082292 -26.581804
     6.990  42.356158  34.567762 -24.476804
     7.000  41.507788  34.908065 -22.457146
     7.010  40.679779  35.121941 -20.525438
     7.020  39.873657  35.226155 -18.682252
     7.030  39.090363  35.235562 -16.926655
     7.040  38.330377  35.163230 -15.256639
     7.050  37.593828  35.020594 -13.669452
     7.060  36.880577  34.817614 -12.161855
     7.070  36.190286  34.562944 -10.730317
     7.080  35.522473  34.264083  -9.371161
     7.090  34.876555  33.927523  -8.080673
     7.100  34.251879  33.558872  -6.855171
     7.110  33.647753  33.162977  -5.691068
     7.120  33.063460  32.744023  -4.584903
     7.130  32.498276  32.305623  -3.533364
     7.140  31.951481  31.850895  -2.533304
     7.150  31.422366  31.382530  -1.581746
     7.160  30.910242  30.902852  -0.675884
     7.170  30.414440  30.413865   0.186918
     7.180  29.934316  29.917302   1.009132
     7.190  29.469255  29.414654   1.793073
     7.200  29.018667  28.907211   2.540903
     7.210  28.581992  28.396084   3.254643
     7.220  28.158697  27.882229   3.936181
     7.230  27.748277  27.366471   4.587276
     7.240  27.350252  26.849519   5.209573
     7.250  26.964171  26.331979   5.804602
     7.260  26.589607  25.814374   6.373796
     7.270  26.226155  25.297149   6.918489
     7.280  25.873436  24.780681   7.439927
     7.290  25.531091  24.265295   7.939275
     7.300  25.198783  23.751260   8.417620
     7.310  24.876194  23.238804   8.875979
     7.320  24.563025  22.728118   9.315302
     7.330  24.258996  22.219358   9.736478
     7.340  23.963842  21.712651  10.140341
     7.350  23.677315  21.208098  10.527668
     7.360  23.399181  20.705780  10.899192
     7.370  23.129224  20.205756  11.255595
     7.380  22.867236  19.708069  11.597521
     7.390  22.613027  19.212748  11.925572
     7.400  22.366415  18.719809  12.240314
     7.410  22.127232  18.229254  12.542276
     7.420  21.895320  17.741078  12.831960
     7.430  21.670530  17.255266  13.109832
     7.440  21.452726  16.771796  13.376334
     7.450  21.241777  16.290639  13.631881
     7.460  21.037564  15.811760  13.876863
     7.470  20.839974  15.335121  14.111647
     7.480  20.648902  14.860677  14.336577
     7.490  20.464252  14.388380  14.551980
     7.500  20.285932  13.918180  14.758161
     7.510  20.113859  13.450022  14.955408
     7.520  19.947955  12.983852  15.143992
     7.530  19.788149  12.519611  15.324169
     7.540  19.634372  12.057239  15.496179
     7.550  19.486564  11.596675  15.660247
     7.560  19.344669  11.137856  15.816586
     7.570  19.208633  10.680718  15.965395
     7.580  19.078410  10.225198  16.106863
     7.590  18.953954   9.771229  16.241166
     7.600  18.835227   9.318746  16.368468
     7.610  18.722190   8.867683  16.488924
     7.620  18.614812   8.417973  16.602679
     7.630  18.513061   7.969549  16.709869
     7.640  18.416910   7.522344  16.810619
     7.650  18.326335   7.076291  16.905048
     7.660  18.241312   6.631321  16.993264
     7.670  18.161821   6.187368  17.075369
     7.680  18.087845   5.744363  17.151456
     7.690  18.019368   5.302240  17.221611
     7.700  17.956374   4.860930  17.285912
     7.710  17.898853   4.420367  17.344431
     7.720  17.846791   3.980482  17.397233
     7.730  17.800181   3.541208  17.444377
     7.740  17.759012   3.102478  17.485913
     7.750  17.723279   2.664225  17.521888
     7.760  17.692976   2.226380  17.552339
     7.770  17.668096   1.788878  17.577302
     7.780  17.648637   1.351650  17.596801
     7.790  17.634594   0.914630  17.610859
     7.800  17.625967   0.477750  17.619491
     7.810  17.622753   0.040944  17.622705
     7.820  17.624952  -0.395856  17.620506
     7.830  17.632564  -0.832717  17.612890
     7.840  17.645591  -1.269706  17.599851
     7.850  17.664035  -1.706889  17.581373
     7.860  17.687898  -2.144335  17.557436
     7.870  17.717185  -2.582110  17.528016
     7.880  17.751900  -3.020282  17.493080
     7.890  17.792048  -3.458917  17.452589
     7.900  17.837638  -3.898084  17.406501
     7.910  17.888677  -4.337849  17.354764
     7.920  17.945174  -4.778280  17.297321
     7.930  18.007141  -5.219445  17.234109
     7.940  18.074589  -5.661410  17.165058
     7.950  18.147533  -6.104245  17.090089
     7.960  18.225988  -6.548015  17.009120
     7.970  18.309973  -6.992789  16.922057
     7.980  18.399506  -7.438634  16.828801
     7.990  18.494610  -7.885618  16.729244
     8.000  18.595309  -8.333809  16.623271
     8.010  18.701630  -8.783272  16.510756
     8.020  18.813603  -9.234077  16.391567
     8.030  18.931261  -9.686288  16.265560
     8.040  19.054639 -10.139973  16.132582
     8.050  19.183778 -10.595198  15.992471
     8.060  19.318721 -11.052027  15.845052
     8.070  19.459514 -11.510526  15.690139
     8.080  19.606209 -11.970759  15.527536
     8.090  19.758862 -12.432787  15.357032
     8.100  19.917533 -12.896673  15.178404
     8.110  20.082289 -13.362477  14.991415
     8.120  20.253199 -13.830257  14.795812
     8.130  20.430341 -14.300070  14.591328
     8.140  20.613798 -14.771970  14.377676
     8.150  20.803659 -15.246008  14.154556
     8.160  21.000019 -15.722233  13.921646
     8.170  21.202983 -16.200688  13.678603
     8.180  21.412660 -16.681415  13.425065
     8.190  21.629169 -17.164449  13.160648
     8.200  21.852639 -17.649820  12.884940
     8.210  22.083205 -18.137552  12.597506
     8.220  22.321013 -18.627660  12.297882
     8.230  22.566220 -19.120152  11.985576
     8.240  22.818991 -19.615028  11.660062
     8.250  23.079506 -20.112272  11.320782
     8.260  23.347955 -20.611861  10.967140
     8.270  23.624539 -21.113753  10.598502
     8.280  23.909475 -21.617892  10.214192
     8.290  24.202993 -22.124203   9.813487
     8.300  24.505339 -22.632587   9.395619
     8.310  24.816774 -23.142923   8.959764
     8.320  25.137574 -23.655060   8.505044
     8.330  25.468037 -24.168815   8.030521
     8.340  25.808475 -24.683968   7.535192
     8.350  26.159222 -25.200255   7.017981
     8.360  26.520634 -25.717366   6.477740
     8.370  26.893085 -26.234931   5.913239
     8.380  27.276975 -26.752520   5.323159
     8.390  27.672727 -27.269627   4.706088
     8.400  28.080787 -27.785659   4.060513
     8.410  28.501631 -28.299930   3.384813
     8.420  28.935758 -28.811637   2.677250
     8.430  29.383695 -29.319850   1.935960
     8.440  29.845999 -29.823489   1.158950
     8.450  30.323253 -30.321300   0.344083
     8.460  30.816067 -30.811832  -0.510927
     8.470  31.325082 -31.293399  -1.408520
     8.480  31.850959 -31.764051  -2.351303
     8.490  32.394386 -32.221530  -3.342048
     8.500  32.956068 -32.663215  -4.383702
     8.510  33.536724 -33.086073  -5.479378
     8.520  34.137076 -33.486591  -6.632360
     8.530  34.757845 -33.860698  -7.846081
     8.540  35.399730 -34.203677  -9.124108
     8.550  36.063391 -34.510072 -10.470107
     8.560  36.749428 -34.773565 -11.887792
     8.570  37.458344 -34.986858 -13.380855
     8.580  38.190508 -35.141524 -14.952863
     8.590  38.946100 -35.227861 -16.607123
     8.600  39.725049 -35.234722 -18.346496
     8.610  40.526948 -35.149358 -20.173153
     8.620  41.350950 -34.957259 -22.088257
     8.630  42.195651 -34.642025 -24.091556
     8.640  43.058934 -34.185289 -26.180868
     8.650  43.937799 -33.566725 -28.351459
     8.660  44.828163 -32.764201 -30.595282
     8.670  45.724640 -31.754131 -32.900120
     8.680  46.620323 -30.512105 -35.248632
     8.690  47.506570 -29.013892 -37.617394
     8.700  48.372844 -27.236889 -39.976042
     8.710  49.206644 -25.162071 -42.286688
     8.720  49.993586 -22.776410 -44.503863
     8.730  50.717695 -20.075665 -46.575233
     8.740  51.361963 -17.067231 -48.443378
     8.750  51.909192 -13.772622 -50.048767
     8.760  52.343106 -10.228996 -51.333891
     8.770  52.649626  -6.489148 -52.248197
     8.780  52.818141  -2.619545 -52.753142
     8.790  52.842575   1.303639 -52.826492
     8.800  52.722032   5.200070 -52.464959
     8.810  52.460896   8.991502 -51.684606
     8.820  52.068354  12.607674 -50.518907
     8.830  51.557457  15.990875 -49.014929
     8.840  50.943890  19.098601 -47.228417
     8.850  50.244675  21.904190 -45.218734
     8.860  49.476993  24.395745 -43.044402
     8.870  48.657243  26.573909 -40.759719
     8.880  47.800387  28.449078 -38.412588
     8.890  46.919577  30.038557 -36.043471
     8.900  46.026008  31.363988 -33.685215
     8.910  45.128945  32.449241 -31.363489
     8.920  44.235856  33.318797 -29.097572
     8.930  43.352613  33.996608 -26.901295
     8.940  42.483711  34.505346 -24.784002
     8.950  41.632492  34.865968 -22.751453
     8.960  40.801347  35.097506 -20.806610
     8.970  39.991904  35.217015 -18.950309
     8.980  39.205180  35.239629 -17.181814
     8.990  38.441719  35.178671 -15.499253
     9.000  37.701694  35.045809 -13.899965
     9.010  36.985001  34.851210 -12.380770
     9.020  36.291329  34.603714 -10.938171
     9.030  35.620214  34.310980  -9.568505
     9.040  34.971085  33.979642  -8.268056
     9.050  34.343299  33.615431  -7.033137
     9.060  33.736168  33.223301  -5.860141
     9.070  33.148976  32.807530  -4.745588
     9.080  32.581001  32.371808  -3.686142
     9.090  32.031521  31.919324  -2.678633
     9.100  31.499826  31.452829  -1.720056
     9.110  30.985222  30.974696  -0.807581
     9.120  30.487038  30.486976   0.061454
     9.130  30.004626  29.991437   0.889544
     9.140  29.537367  29.489607   1.679026
     9.150  29.084667  28.982802   2.432086
     9.160  28.645961  28.472157   3.150765
     9.170  28.220712  27.958652   3.836969
     9.180  27.808411  27.443130   4.492477
     9.190  27.408575  26.926314   5.118949
     9.200  27.020749  26.408826   5.717934
     9.210  26.644501  25.891201   6.290876
     9.220  26.279424  25.373894   6.839126
     9.230  25.925135  24.857293   7.363941
     9.240  25.581272  24.341727   7.866497
     9.250  25.247494  23.827476   8.347895
     9.260  24.923482  23.314773   8.809159
     9.270  24.608933  22.803814   9.251250
     9.280  24.303564  22.294759   9.675066
     9.290  24.007108  21.787740  10.081449
     9.300  23.719315  21.282862  10.471184
     9.310  23.439950  20.780208  10.845009
     9.320  23.168792  20.279840  11.203616
     9.330  22.905634  19.781804  11.547652
     9.340  22.650281  19.286131  11.877726
     9.350  22.402552  18.792837  12.194409
     9.360  22.162277  18.301929  12.498236
     9.370  21.929295  17.813400  12.789712
     9.380  21.703457  17.327238  13.069309
     9.390  21.484624  16.843422  13.337473
     9.400  21.272665  16.361924  13.594621
     9.410  21.067459  15.882710  13.841148
     9.420  20.868893  15.405741  14.077423
     9.430  20.676860  14.930973  14.303795
     9.440  20.491262  14.458361  14.520593
     9.450  20.312008  13.987853  14.728124
     9.460  20.139013  13.519396  14.926680
     9.470  19.972198  13.052934  15.116533
     9.480  19.811490  12.588411  15.297943
     9.490  19.656822  12.125765  15.471150
     9.500  19.508132  11.664936  15.636384
     9.510  19.365362  11.205862  15.793857
     9.520  19.228460  10.748479  15.943772
     9.530  19.097376  10.292722  16.086319
     9.540  18.972067   9.838527  16.221674
     9.550  18.852492   9.385828  16.350005
     9.560  18.738613   8.934559  16.471468
     9.570  18.630397   8.484652  16.586210
     9.580  18.527812   8.036042  16.694366
     9.590  18.430832   7.588660  16.796065
     9.600  18.339430   7.142439  16.891425
     9.610  18.253584   6.697313  16.980557
     9.620  18.173273   6.253213  17.063563
     9.630  18.098480   5.810072  17.140537
     9.640  18.029187   5.367822  17.211568
     9.650  17.965380   4.926396  17.276733
     9.660  17.907047   4.485726  17.336106
     9.670  17.854175   4.045745  17.389754
     9.680  17.806756   3.606385  17.437734
     9.690  17.764780   3.167578  17.480099
     9.700  17.728241   2.729258  17.516897
     9.710  17.697131   2.291357  17.548166
     9.720  17.671447   1.853808  17.573942
     9.730  17.651183   1.416544  17.594251
     9.740  17.636336   0.979497  17.609116
     9.750  17.626905   0.542601  17.618552
     9.760  17.622888   0.105788  17.622570
     9.770  17.624283  -0.331009  17.621174
     9.780  17.631092  -0.767856  17.614363
     9.790  17.643315  -1.204822  17.602130
     9.800  17.660955  -1.641972  17.584460
     9.810  17.684013  -2.079375  17.561336
     9.820  17.712494  -2.517097  17.532731
     9.830  17.746403  -2.955205  17.498616
     9.840  17.785744  -3.393768  17.458953
     9.850  17.830526  -3.832851  17.413699
     9.860  17.880755  -4.272523  17.362804
     9.870  17.936441  -4.712851  17.306212
     9.880  17.997595  -5.153903  17.243861
     9.890  18.064229  -5.595745  17.175681
     9.900  18.136356  -6.038446  17.101596
     9.910  18.213992  -6.482073  17.021523
     9.920  18.297155  -6.926694  16.935371
     9.930  18.385863  -7.372376  16.843041
     9.940  18.480138  -7.819187  16.744426
     9.950  18.580005  -8.267194  16.639413
     9.960  18.685489  -8.716464  16.527878
     9.970  18.796621  -9.167065  16.409689
     9.980  18.913433  -9.619063  16.284703
     9.990  19.035960 -10.072526  16.152771
    10.000  19.164241 -10.527517  16.013729
    10.010  19.298319 -10.984105  15.867406
    10.020  19.438241 -11.442352  15.713618
    10.030  19.584056 -11.902323  15.552169
    10.040  19.735821 -12.364081  15.382852
    10.050  19.893595 -12.827687  15.205445
    10.060  20.057443 -13.293203  15.019713
    10.070  20.227435 -13.760686  14.825405
    10.080  20.403647 -14.230194  14.622257
    10.090  20.586161 -14.701780  14.409985
    10.100  20.775065 -15.175498  14.188290
    10.110  20.970454 -15.651395  13.956854
    10.120  21.172430 -16.129516  13.715338
    10.130  21.381103 -16.609904  13.463383
    10.140  21.596591 -17.092593  13.200605
    10.150  21.819019 -17.577616  12.926600
    10.160  22.048522 -18.064995  12.640936
    10.170  22.285245 -18.554750  12.343152
    10.180  22.529343 -19.046889  12.032761
    10.190  22.780981 -19.541411  11.709243
    10.200  23.040335 -20.038305  11.372043
    10.210  23.307593 -20.537548  11.020572
    10.220  23.582956 -21.039101  10.654202
    10.230  23.866638 -21.542911  10.272263
    10.240  24.158867 -22.048905   9.874040
    10.250  24.459887 -22.556988   9.458770
    10.260  24.769955 -23.067043   9.025639
    10.270  25.089347 -23.578924   8.573778
    10.280  25.418355 -24.092451   8.102257
    10.290  25.757292 -24.607412   7.610082
    10.300  26.106487 -25.123549   7.096191
    10.310  26.466292 -25.640560   6.559444
    10.320  26.837079 -26.158083   5.998626
    10.330  27.219245 -26.675699   5.412430
    10.340  27.613208 -27.192912   4.799459
    10.350  28.019412 -27.709145   4.158216
    10.360  28.438328 -28.223725   3.487095
    10.370  28.870450 -28.735868   2.784376
    10.380  29.316303 -29.244665   2.048217
    10.390  29.776437 -29.749057   1.276641
    10.400  30.251433 -30.247820   0.467534
    10.410  30.741898 -30.739533  -0.381366
    10.420  31.248466 -31.222547  -1.272477
    10.430  31.771797 -31.694955  -2.208380
    10.440  32.312575 -32.154545  -3.191823
    10.450  32.871502 -32.598756  -4.225725
    10.460  33.449295 -33.024619  -5.313178
    10.470  34.046678 -33.428696  -6.457439
    10.480  34.664371 -33.807005  -7.661920
    10.490  35.303078 -34.154932  -8.930171
    10.500  35.963467 -34.467135 -10.265845
    10.510  36.646147 -34.737433 -11.672654
    10.520  37.351639 -34.958682 -13.154297
    10.530  38.080335 -35.122632 -14.714368
    10.540  38.832447 -35.219780 -16.356223
    10.550  39.607946 -35.239205 -18.082804
    10.560  40.406478 -35.168405 -19.896401
    10.570  41.227273 -34.993142 -21.798351
    10.580  42.069016 -34.697301 -23.788641
    10.590  42.929707 -34.262809 -25.865414
    10.600  43.806488 -33.669627 -28.024358
    10.610  44.695451 -32.895875 -30.257970
    10.620  45.591418 -31.918149 -32.554711
    10.630  46.487721 -30.712107 -34.898062
    10.640  47.375988 -29.253413 -37.265561
    10.650  48.245970 -27.519113 -39.627919
    10.660  49.085456 -25.489505 -41.948386
    10.670  49.880330 -23.150503 -44.182593
    10.680  50.614826 -20.496379 -46.279142
    10.690  51.272040 -17.532628 -48.181210
    10.700  51.834740 -14.278542 -49.829344
    10.710  52.286434 -10.768913 -51.165435
    10.720  52.612634  -7.054289 -52.137571
    10.730  52.802140  -3.199314 -52.705127
    10.740  52.848150   0.720962 -52.843232
    10.750  52.748978   4.626432 -52.545702
    10.760  52.508240   8.438145 -51.825794
    10.770  52.134461  12.084327 -50.714604
    10.780  51.640193  15.505184 -49.257474
    10.790  51.040810  18.655870 -47.509186
    10.800  50.353216  21.507401 -45.528871
    10.810  49.594634  24.045808 -43.375417
    10.820  48.781627  26.270043 -41.103917
    10.830  47.929402  28.189236 -38.763314
    10.840  47.051393  29.819838 -36.395203
    10.850  46.159087  31.182993 -34.033546
    10.860  45.262029  32.302354 -31.705034
    10.870  44.367943  33.202395 -29.429837
    10.880  43.482923  33.907202 -27.222533
    10.890  42.611655  34.439670 -25.093073
    10.900  41.757639  34.821029 -23.047697
    10.910  40.923395  35.070605 -21.089735
    10.920  40.110653  35.205743 -19.220304
    10.930  39.320512  35.241857 -17.438869
    10.940  38.553578  35.192530 -15.743703
    10.950  37.810074  35.069665 -14.132243
    10.960  37.089933  34.883643 -12.601374
    10.970  36.392870  34.643488 -11.147632
    10.980  35.718440  34.357028  -9.767374
    10.990  35.066087  34.031038  -8.456884
    11.000  34.435175  33.671377  -7.212467
    11.010  33.825022  33.283106  -6.030502
    11.020  33.234916  32.870598  -4.907487
    11.030  32.664133  32.437625  -3.840065
    11.040  32.111953  31.987446  -2.825039
    11.050  31.577662  31.522871  -1.859381
    11.060  31.060563  31.046329  -0.940234
    11.070  30.559983  30.559914  -0.064912
    11.080  30.075270  30.065435   0.769105
    11.090  29.605800  29.564450   1.564177
    11.100  29.150974  29.058308   2.322511
    11.110  28.710225  28.548168   3.046170
    11.120  28.283012  28.035031   3.737080
    11.130  27.868820  27.519760   4.397038
    11.140  27.467163  27.003094   5.027720
    11.150  27.077582  26.485671   5.630691
    11.160  26.699641  25.968036   6.207412
    11.170  26.332931  25.450655   6.759246
    11.180  25.977063  24.933927   7.287464
    11.190  25.631674  24.418189   7.793254
    11.200  25.296420  23.903727   8.277725
    11.210  24.970978  23.390781   8.741916
    11.220  24.655042  22.879552   9.186795
    11.230  24.348327  22.370205   9.613270
    11.240  24.050565  21.862877  10.022190
    11.250  23.761501  21.357675  10.414348
    11.260  23.480899  20.854686  10.790491
    11.270  23.208536  20.353976  11.151315
    11.280  22.944203  19.855591  11.497475
    11.290  22.687703  19.359566  11.829585
    11.300  22.438854  18.865919  12.148221
    11.310  22.197482  18.374656  12.453924
    11.320  21.963427  17.885775  12.747203
    11.330  21.736538  17.399263  13.028535
    11.340  21.516673  16.915100  13.298369
    11.350  21.303702  16.433260  13.557127
    11.360  21.097501  15.953709  13.805206
    11.370  20.897955  15.476409  14.042981
    11.380  20.704959  15.001318  14.270802
    11.390  20.518412  14.528388  14.489001
    11.400  20.338221  14.057571  14.697889
    11.410  20.164302  13.588813  14.897759
    11.420  19.996574  13.122059  15.088889
    11.430  19.834965  12.657251  15.271536
    11.440  19.679404  12.194331  15.445946
    11.450  19.529830  11.733236  15.612349
    11.460  19.386185  11.273905  15.770962
    11.470  19.248415  10.816275  15.921987
    11.480  19.116470  10.360281  16.065616
    11.490  18.990307   9.905859  16.202028
    11.500  18.869882   9.452942  16.331392
    11.510  18.755160   9.001464  16.453865
    11.520  18.646105   8.551360  16.569595
    11.530  18.542686   8.102561  16.678721
    11.540  18.444876   7.655001  16.781371
    11.550  18.352647   7.208612  16.877665
    11.560  18.265978   6.763328  16.967714
    11.570  18.184846   6.319080  17.051624
    11.580  18.109235   5.875801  17.129488
    11.590  18.039126   5.433423  17.201395
    11.600  17.974506   4.991879  17.267427
    11.610  17.915361   4.551101  17.327656
    11.620  17.861680   4.111021  17.382149
    11.630  17.813451   3.671573  17.430967
    11.640  17.770668   3.232689  17.474163
    11.650  17.733322   2.794301  17.511784
    11.660  17.701407   2.356342  17.543872
    11.670  17.674917   1.918745  17.570461
    11.680  17.653849   1.481443  17.591580
    11.690  17.638198   1.044368  17.607252
    11.700  17.627963   0.607454  17.617494
    11.710  17.623142   0.170633  17.622316
    11.720  17.623734  -0.266162  17.621724
    11.730  17.629739  -0.702998  17.615717
    11.740  17.641158  -1.139942  17.604289
    11.750  17.657993  -1.577061  17.587428
    11.760  17.680247  -2.014422  17.565114
    11.770  17.707923  -2.452092  17.537325
    11.780  17.741026  -2.890139  17.504031
    11.790  17.779560  -3.328630  17.465194
    11.800  17.823534  -3.767632  17.420772
    11.810  17.872954  -4.207212  17.370718
    11.820  17.927829  -4.647438  17.314975
    11.830  17.988171  -5.088378  17.253484
    11.840  18.053990  -5.530099  17.186174
    11.850  18.125301  -5.972668  17.112971
    11.860  18.202118  -6.416153  17.033792
    11.870  18.284459  -6.860622  16.948548
    11.880  18.372342  -7.306142  16.857142
    11.890  18.465789  -7.752781  16.759468
    11.900  18.564824  -8.200607  16.655412
    11.910  18.669473  -8.649685  16.544854
    11.920  18.779765  -9.100084  16.427661
    11.930  18.895731  -9.551871  16.303693
    11.940  19.017407 -10.005112  16.172802
    11.950  19.144832 -10.459872  16.034826
    11.960  19.278046 -10.916218  15.889595
    11.970  19.417097 -11.374215  15.736928
    11.980  19.562034 -11.833926  15.576629
    11.990  19.712912 -12.295415  15.408494
    12.000  19.869790 -12.758743  15.232302
    12.010  20.032732 -13.223972  15.047821
    12.020  20.201807 -13.691159  14.854803
    12.030  20.377091 -14.160363  14.652985
    12.040  20.558664 -14.631637  14.442086
    12.050  20.746614 -15.105035  14.221810
    12.060  20.941034 -15.580606  13.991841
    12.070  21.142025 -16.058395  13.751843
    12.080  21.349697 -16.538443  13.501461
    12.090  21.564165 -17.020789  13.240316
    12.100  21.785554 -17.505463  12.968004
    12.110  22.013998 -17.992492  12.684099
    12.120  22.249640 -18.481893  12.388144
    12.130  22.492633 -18.973677  12.079657
    12.140  22.743141 -19.467846  11.758122
    12.150  23.001337 -19.964389  11.422989
    12.160  23.267410 -20.463285  11.073676
    12.170  23.541556 -20.964499  10.709559
    12.180  23.823989 -21.467978  10.329975
    12.190  24.114935 -21.973653   9.934216
    12.200  24.414633 -22.481433   9.521527
    12.210  24.723341 -22.991204   9.091102
    12.220  25.041331 -23.502824   8.642078
    12.230  25.368892 -24.016119   8.173537
    12.240  25.706335 -24.530883   7.684494
    12.250  26.053985 -25.046863   7.173897
    12.260  26.412192 -25.563765   6.640618
    12.270  26.781325 -26.081238   6.083454
    12.280  27.161776 -26.598869   5.501111
    12.290  27.553960 -27.116176   4.892207
    12.300  27.958318 -27.632595   4.255260
    12.310  28.375315 -28.147467   3.588681
    12.320  28.805444 -28.660026   2.890766
    12.330  29.249224 -29.169382   2.159693
    12.340  29.707203 -29.674502   1.393505
    12.350  30.179955 -30.174185   0.590109
    12.360  30.668084 -30.667043  -0.252734
    12.370  31.172220 -31.151462  -1.137420
    12.380  31.693020 -31.625577  -2.066503
    12.390  32.231164 -32.087222  -3.042709
    12.400  32.787351 -32.533893  -4.068929
    12.410  33.362298 -32.962686  -5.148230
    12.420  33.956727 -33.370235  -6.283846
    12.430  34.571360 -33.752644  -7.479166
    12.440  35.206904 -34.105400  -8.737721
    12.450  35.864034 -34.423275 -10.063151
    12.460  36.543369 -34.700222 -11.459165
    12.470  37.245447 -34.929245 -12.929467
    12.480  37.970679 -35.102271 -14.477675
    12.490  38.719310 -35.209990 -16.107191
    12.500  39.491350 -35.241703 -17.821030
    12.510  40.286501 -35.185154 -19.621598
    12.520  41.104059 -35.026370 -21.510395
    12.530  41.942800 -34.749524 -23.487637
    12.540  42.800836 -34.336836 -25.551776
    12.550  43.675448 -33.768553 -27.698909
    12.560  44.562896 -33.023055 -29.922058
    12.570  45.458207 -32.077134 -32.210340
    12.580  46.354946 -30.906538 -34.548037
    12.590  47.245006 -29.486855 -36.913629
    12.600  48.118426 -27.794818 -39.278888
    12.610  48.963288 -25.810106 -41.608196
    12.620  49.765746 -23.517632 -43.858300
    12.630  50.510254 -20.910245 -45.978771
    12.640  51.180033 -17.991599 -47.913444
    12.650  51.757838 -14.778801 -49.603032
    12.660  52.226990 -11.304286 -50.988936
    12.670  52.572622  -7.616318 -52.017999
    12.680  52.782968  -3.777633 -52.647613
    12.690  52.850515   0.137957 -52.850335
    12.700  52.772794   4.050714 -52.617103
    12.710  52.552644   7.881118 -51.958333
    12.720  52.197908  11.555986 -50.902660
    12.730  51.720609  15.013510 -49.493594
    12.740  51.135785  18.206518 -47.784843
    12.750  50.460193  21.103687 -45.835199
    12.760  49.711078  23.688930 -43.703843
    12.770  48.905151  25.959442 -41.446606
    12.780  48.057853  27.923026 -39.113448
    12.790  47.182897  29.595221 -36.747091
    12.800  46.292065  30.996624 -34.382620
    12.810  45.395182  32.150635 -32.047765
    12.820  44.500232  33.081692 -29.763607
    12.830  43.613539  33.814000 -27.545493
    12.840  42.739982  34.370666 -25.404002
    12.850  41.883224  34.773190 -23.345871
    12.860  41.045918  35.041185 -21.374815
    12.870  40.229900  35.192292 -19.492240
    12.880  39.436355  35.242205 -17.697827
    12.890  38.665954  35.204772 -15.989999
    12.900  37.918970  35.092133 -14.366299
    12.910  37.195374  34.914885 -12.823677
    12.920  36.494910  34.682244 -11.358714
    12.930  35.817153  34.402206  -9.967780
    12.940  35.161560  34.081693  -8.647168
    12.950  34.527508  33.726693  -7.393173
    12.960  33.914318  33.342377  -6.202161
    12.970  33.321281  32.933215  -5.070611
    12.980  32.747676  32.503063  -3.995142
    12.990  32.192779  32.055250  -2.972533
    13.000  31.655877  31.592651  -1.999731
    13.010  31.136269  31.117746  -1.073853
    13.020  30.633279  30.632676  -0.192188
    13.030  30.146250  30.139289   0.647808
    13.040  29.674555  29.639180   1.448518
    13.050  29.217592  29.133726   2.212173
    13.060  28.774789  28.624113   2.940855
    13.070  28.345599  28.111364   3.636510
    13.080  27.929505  27.596359   4.300953
    13.090  27.526017  27.079858   4.935880
    13.100  27.134671  26.562511   5.542871
    13.110  26.755029  26.044875   6.123400
    13.120  26.386676  25.527430   6.678846
    13.130  26.029223  25.010582   7.210492
    13.140  25.682300  24.494678   7.719540
    13.150  25.345563  23.980011   8.207109
    13.160  25.018683  23.466826   8.674248
    13.170  24.701355  22.955331   9.121935
    13.180  24.393289  22.445696   9.551088
    13.190  24.094213  21.938060   9.962562
    13.200  23.803874  21.432537  10.357160
    13.210  23.522030  20.929215  10.735635
    13.220  23.248457  20.428163  11.098691
    13.230  22.982945  19.929431  11.446988
    13.240  22.725294  19.433054  11.781147
    13.250  22.475320  18.939052  12.101748
    13.260  22.232849  18.447436  12.409338
    13.270  21.997717  17.958201  12.704431
    13.280  21.769773  17.471339  12.987507
    13.290  21.548874  16.986829  13.259020
    13.300  21.334888  16.504646  13.519397
    13.310  21.127689  16.024757  13.769038
    13.320  20.927162  15.547126  14.008319
    13.330  20.733200  15.071710  14.237597
    13.340  20.545701  14.598462  14.457204
    13.350  20.364573  14.127335  14.667455
    13.360  20.189728  13.658275  14.868647
    13.370  20.021086  13.191227  15.061057
    13.380  19.858572  12.726134  15.244947
    13.390  19.702118  12.262937  15.420566
    13.400  19.551659  11.801575  15.588143
    13.410  19.407137  11.341986  15.747899
    13.420  19.268498  10.884108  15.900038
    13.430  19.135692  10.427875  16.044754
    13.440  19.008673   9.973223  16.182226
    13.450  18.887399   9.520087  16.312626
    13.460  18.771832   9.068400  16.436113
    13.470  18.661938   8.618096  16.552835
    13.480  18.557684   8.169107  16.662933
    13.490  18.459043   7.721368  16.766536
    13.500  18.365987   7.274809  16.863767
    13.510  18.278494   6.829365  16.954737
    13.520  18.196541   6.384968  17.039551
    13.530  18.120112   5.941549  17.118307
    13.540  18.049187   5.499042  17.191094
    13.550  17.983753   5.057378  17.257992
    13.560  17.923796   4.616491  17.319078
    13.570  17.869304   4.176312  17.374419
    13.580  17.820267   3.736774  17.424076
    13.590  17.776676   3.297810  17.468104
    13.600  17.738523   2.859353  17.506550
    13.610  17.705802   2.421335  17.539457
    13.620  17.678507   1.983688  17.566860
    13.630  17.656634   1.546347  17.588790
    13.640  17.640179   1.109242  17.605269
    13.650  17.629140   0.672308  17.616316
    13.660  17.623515   0.235478  17.621942
    13.670  17.623304  -0.201317  17.622154
    13.680  17.628505  -0.638142  17.616951
    13.690  17.639121  -1.075066  17.606329
    13.700  17.655152  -1.512154  17.590275
    13.710  17.676601  -1.949475  17.568772
    13.720  17.703472  -2.387095  17.541798
    13.730  17.735768  -2.825082  17.509323
    13.740  17.773496  -3.263503  17.471311
    13.750  17.816662  -3.702425  17.427722
    13.760  17.865272  -4.141915  17.378507
    13.770  17.919337  -4.582041  17.323613
    13.780  17.978867  -5.022871  17.262978
    13.790  18.043872  -5.464471  17.196537
    13.800  18.114367  -5.906910  17.124214
    13.810  18.190365  -6.350255  17.045928
    13.820  18.271885  -6.794574  16.961590
    13.830  18.358944  -7.239934  16.871105
    13.840  18.451564  -7.686402  16.774369
    13.850  18.549768  -8.134047  16.671268
    13.860  18.653582  -8.582935  16.561683
    13.870  18.763034  -9.033134  16.445483
    13.880  18.878155  -9.484711  16.322531
    13.890  18.998982  -9.937731  16.192677
    13.900  19.125550 -10.392262  16.055764
    13.910  19.257902 -10.848369  15.911621
    13.920  19.396084 -11.306116  15.760070
    13.930  19.540144 -11.765569  15.600917
    13.940  19.690136 -12.226790  15.433958
    13.950  19.846119 -12.689841  15.258977
    13.960  20.008156 -13.154784  15.075742
    13.970  20.176317 -13.621677  14.884007
    13.980  20.350674 -14.090577  14.683513
    13.990  20.531308 -14.561541  14.473980
    14.000  20.718305 -15.034621  14.255116
    14.010  20.911758 -15.509866  14.026606
    14.020  21.111767 -15.987323  13.788120
    14.030  21.318440 -16.467033  13.539303
    14.040  21.531892 -16.949036  13.279780
    14.050  21.752245 -17.433362  13.009152
    14.060  21.979633 -17.920040  12.726996
    14.070  22.214197 -18.409088  12.432861
    14.080  22.456089 -18.900519  12.126266
    14.090  22.705470 -19.394334  11.806701
    14.100  22.962514 -19.890526  11.473623
    14.110  23.227405 -20.389074  11.126454
    14.120  23.500339 -20.889947  10.764575
    14.130  23.781528 -21.393093  10.387331
    14.140  24.071195 -21.898447   9.994020
    14.150  24.369578 -22.405922   9.583894
    14.160  24.676932 -22.915405   9.156155
    14.170  24.993526 -23.426761   8.709949
    14.180  25.319647 -23.939820   8.244366
    14.190  25.655603 -24.454380   7.758431
    14.200  26.001716 -24.970197   7.251103
    14.210  26.358333 -25.486983   6.721266
    14.220  26.725820 -26.004395   6.167727
    14.230  27.104564 -26.522032   5.589207
    14.240  27.494979 -27.039421   4.984338
    14.250  27.897501 -27.556010   4.351651
    14.260  28.312592 -28.071158   3.689576
    14.270  28.740739 -28.584113   2.996426
    14.280  29.182459 -29.094007   2.270395
    14.290  29.638294 -29.599827   1.509549
    14.300  30.108816 -30.100400   0.711815
    14.310  30.594623 -30.594367  -0.125025
    14.320  31.096342 -31.080151  -1.003341
    14.330  31.614625 -31.555924  -1.925666
    14.340  32.150150 -32.019571  -2.894696
    14.350  32.703614 -32.468638  -3.913302
    14.360  33.275730 -32.900285  -4.984523
    14.370  33.867221 -33.311220  -6.111568
    14.380  34.478810 -33.697631  -7.297804
    14.390  35.111206 -34.055101  -8.546744
    14.400  35.765090 -34.378516  -9.862013
    14.410  36.441093 -34.661956 -11.247313
    14.420  37.139764 -34.898577 -12.706354
    14.430  37.861539 -35.080472 -14.242776
    14.440  38.606690 -35.198527 -15.860019
    14.450  39.375265 -35.242259 -17.561170
    14.460  40.167018 -35.199653 -19.348741
    14.470  40.981313 -35.057000 -21.224391
    14.480  41.817011 -34.798757 -23.188552
    14.490  42.672332 -34.407436 -25.239973
    14.500  43.544693 -33.863576 -27.375143
    14.510  44.430518 -33.145820 -29.587591
    14.520  45.325030 -32.231168 -31.867069
    14.530  46.222026 -31.095478 -34.198639
    14.540  47.113661 -29.714290 -36.561702
    14.550  47.990257 -28.064064 -38.929078
    14.560  48.840188 -26.123910 -41.266274
    14.570  49.649887 -23.877800 -43.531161
    14.580  50.404036 -21.317226 -45.674311
    14.590  51.085998 -18.444059 -47.640276
    14.600  51.678538 -15.273264 -49.370018
    14.610  52.164818 -11.834929 -50.804554
    14.620  52.529620  -8.175006 -51.889597
    14.630  52.760639  -4.354247 -52.580657
    14.640  52.849669  -0.445111 -52.847795
    14.650  52.793462   3.473169 -52.679092
    14.660  52.594075   7.320642 -52.082098
    14.670  52.258648  11.022828 -51.082909
    14.680  51.798652  14.515977 -49.723101
    14.690  51.228759  17.750618 -48.055190
    14.700  50.565551  20.693075 -46.137529
    14.710  49.826272  23.325095 -44.029505
    14.720  49.027766  25.642062 -41.787635
    14.730  48.185697  27.650385 -39.462864
    14.740  47.314055  29.364631 -37.099034
    14.750  46.424912  30.804801 -34.732358
    14.760  45.528380  31.994002 -32.391623
    14.770  44.632706  32.956611 -30.098840
    14.780  43.744446  33.716930 -27.870149
    14.790  42.868680  34.298269 -25.716774
    14.800  42.009238  34.722389 -23.645968
    14.810  41.168911  35.009193 -21.661848
    14.820  40.349644  35.176614 -19.766122
    14.830  39.552709  35.240632 -17.958694
    14.840  38.778847  35.215358 -16.238149
    14.850  38.028382  35.113178 -14.602141
    14.860  37.301325  34.944908 -13.047693
    14.870  36.597450  34.719958 -11.571426
    14.880  35.916354  34.446494 -10.169736
    14.890  35.257509  34.131590  -8.838920
    14.900  34.620301  33.781364  -7.575267
    14.910  34.004058  33.401102  -6.375130
    14.920  33.408074  32.995371  -5.234970
    14.930  32.831630  32.568113  -4.151383
    14.940  32.274002  32.122730  -3.121124
    14.950  31.734473  31.662160  -2.141114
    14.960  31.212341  31.188939  -1.208446
    14.970  30.706926  30.705254  -0.320382
    14.980  30.217568  30.212996   0.525645
    14.990  29.743635  29.713793   1.332043
    15.000  29.284522  29.209053   2.101064
    15.010  28.839652  28.699989   2.834811
    15.020  28.408474  28.187646   3.535251
    15.030  27.990468  27.672926   4.204219
    15.040  27.585138  27.156603   4.843425
    15.050  27.192018  26.639344   5.454467
    15.060  26.810665  26.121720   6.038835
    15.070  26.440662  25.604219   6.597922
    15.080  26.081614  25.087259   7.133023
    15.090  25.733151  24.571195   7.645353
    15.100  25.394922  24.056327   8.136043
    15.110  25.066599  23.542909   8.606151
    15.120  24.747872  23.031151   9.056667
    15.130  24.438448  22.521230   9.488515
    15.140  24.138054  22.013290   9.902562
    15.150  23.846433  21.507447  10.299617
    15.160  23.563343  21.003793  10.680440
    15.170  23.288556  20.502401  11.045742
    15.180  23.021860  20.003322  11.396190
    15.190  22.763054  19.506594  11.732410
    15.200  22.511952  19.012239  12.054988
    15.210  22.268377  18.520268  12.364477
    15.220  22.032166  18.030680  12.661394
    15.230  21.803164  17.543467  12.946224
    15.240  21.581228  17.058609  13.219427
    15.250  21.366223  16.576083  13.481431
    15.260  21.158024  16.095856  13.732641
    15.270  20.956514  15.617892  13.973437
    15.280  20.761584  15.142149  14.204178
    15.290  20.573132  14.668583  14.425201
    15.300  20.391063  14.197144  14.636822
    15.310  20.215291  13.727780  14.839340
    15.320  20.045733  13.260437  15.033037
    15.330  19.882314  12.795058  15.218177
    15.340  19.724964  12.331583  15.395008
    15.350  19.573619  11.869953  15.563765
    15.360  19.428219  11.410105  15.724669
    15.370  19.288710  10.951977  15.877926
    15.380  19.155041  10.495504  16.023732
    15.390  19.027165  10.040621  16.162269
    15.400  18.905041   9.587264  16.293708
    15.410  18.788629   9.135366  16.418212
    15.420  18.677895   8.684861  16.535929
    15.430  18.572806   8.235681  16.647002
    15.440  18.473333   7.787761  16.751562
    15.450  18.379449   7.341031  16.849731
    15.460  18.291132   6.895426  16.941623
    15.470  18.208358   6.450877  17.027345
    15.480  18.131110   6.007318  17.106995
    15.490  18.059369   5.564679  17.180662
    15.500  17.993121   5.122895  17.248430
    15.510  17.932351   4.681896  17.310374
    15.520  17.877048   4.241616  17.366564
    15.530  17.827202   3.801988  17.417061
    15.540  17.782803   3.362943  17.461921
    15.550  17.743843   2.924415  17.501194
    15.560  17.710316   2.486336  17.534920
    15.570  17.682216   2.048638  17.563139
    15.580  17.659538   1.611255  17.585879
    15.590  17.642280   1.174120  17.603167
    15.600  17.630437   0.737165  17.615019
    15.610  17.624008   0.300323  17.621449
    15.620  17.622993  -0.136472  17.622465
    15.630  17.627391  -0.573289  17.618066
    15.640  17.637203  -1.010194  17.608249
    15.650  17.652429  -1.447253  17.593002
    15.660  17.673074  -1.884535  17.572310
    15.670  17.699140  -2.322107  17.546150
    15.680  17.730630  -2.760035  17.514493
    15.690  17.767552  -3.198387  17.477306
    15.700  17.809909  -3.637230  17.434547
    15.710  17.857711  -4.076632  17.386171
    15.720  17.910966  -4.516659  17.332123
    15.730  17.969683  -4.957380  17.272345
    15.740  18.033875  -5.398862  17.206770
    15.750  18.103554  -5.841172  17.135325
    15.760  18.178734  -6.284378  17.057930
    15.770  18.259433  -6.728548  16.974497
    15.780  18.345669  -7.173749  16.884931
    15.790  18.437462  -7.620049  16.789129
    15.800  18.534835  -8.067515  16.686981
    15.810  18.637814  -8.516214  16.578366
    15.820  18.746427  -8.966214  16.463157
    15.830  18.860705  -9.417582  16.341216
    15.840  18.980682  -9.870384  16.212397
    15.850  19.106396 -10.324687  16.076542
    15.860  19.237887 -10.780555  15.933484
    15.870  19.375200 -11.238055  15.783044
    15.880  19.518383 -11.697251  15.625032
    15.890  19.667492 -12.158205  15.459246
    15.900  19.822582 -12.620981  15.285470
    15.910  19.983716 -13.085639  15.103475
    15.920  20.150963 -13.552238  14.913019
    15.930  20.324395 -14.020838  14.713841
    15.940  20.504092 -14.491492  14.505669
    15.950  20.690138 -14.964254  14.288209
    15.960  20.882627 -15.439175  14.061152
    15.970  21.081657 -15.916300  13.824168
    15.980  21.287333 -16.395674  13.576908
    15.990  21.499771 -16.877334  13.318999
    16.000  21.719091 -17.361314  13.050046
