     0.000  30.522534   0.637131  30.515884
     0.010  30.522534  -0.491426  30.518578
     0.020  30.522534  -1.473607  30.486941
     0.030  30.522534  -2.454260  30.423703
     0.040  30.522534  -3.432369  30.328929
     0.050  30.522534  -4.406921  30.202717
     0.060  30.522534  -5.376904  30.045199
     0.070  30.522534  -6.341314  29.856537
     0.080  30.522534  -7.299151  29.636928
     0.090  30.522534  -8.249422  29.386598
     0.100  30.522534  -9.191142  29.105807
     0.110  30.522534 -10.123334  28.794846
     0.120  30.522534 -11.045034  28.454039
     0.130  30.522534 -11.955284  28.083737
     0.140  30.522534 -12.853143  27.684324
     0.150  30.522534 -13.737678  27.256215
     0.160  30.522534 -14.607974  26.799854
     0.170  30.522534 -15.463127  26.315714
     0.180  30.522534 -16.302252  25.804295
     0.190  30.522534 -17.124479  25.266129
     0.200  30.522534 -17.928956  24.701774
     0.210  30.522534 -18.714848  24.111813
     0.220  30.522534 -19.481341  23.496860
     0.230  30.522534 -20.227641  22.857550
     0.240  30.522534 -20.952974  22.194548
     0.250  30.522534 -21.656588  21.508540
     0.260  30.522534 -22.337754  20.800237
     0.270  30.522534 -22.995765  20.070373
     0.280  30.522534 -23.629940  19.319705
     0.290  30.522534 -24.239621  18.549012
     0.300  30.522534 -24.824177  17.759091
     0.310  30.522534 -25.383001  16.950762
     0.320  30.522534 -25.915514  16.124863
     0.330  30.522534 -26.421164  15.282250
     0.340  30.522534 -26.899428  14.423795
     0.350  30.522534 -27.349808  13.550390
     0.360  30.522534 -27.771839  12.662939
     0.370  30.522534 -28.165084  11.762362
     0.380  30.522534 -28.529133  10.849592
     0.390  30.522534 -28.863610   9.925577
     0.400  30.522534 -29.168169   8.991273
     0.410  30.522534 -29.442494   8.047649
     0.420  30.522534 -29.686299   7.095683
     0.430  30.522534 -29.899333   6.136363
     0.440  30.522534 -30.081375   5.170681
     0.450  30.522534 -30.232236   4.199640
     0.460  30.522534 -30.351760   3.224246
     0.470  30.522534 -30.439822   2.245510
     0.480  30.522534 -30.496332   1.264446
     0.490  30.522534 -30.521231   0.282071
     0.500  30.522534 -30.514492  -0.700596
     0.510  30.522534 -30.476124  -1.682537
     0.520  30.522534 -30.406166  -2.662733
     0.530  30.522534 -30.304690  -3.640170
     0.540  30.522534 -30.171802  -4.613834
     0.550  30.522534 -30.007639  -5.582715
     0.560  30.522534 -29.812371  -6.545809
     0.570  30.522534 -29.586201  -7.502118
     0.580  30.522534 -29.329364  -8.450651
     0.590  30.522534 -29.042125  -9.390424
     0.600  30.522534 -28.724782 -10.320463
     0.610  30.522534 -28.377665 -11.239805
     0.620  30.522534 -28.001133 -12.147496
     0.630  30.522534 -27.595575 -13.042596
     0.640  30.522534 -27.161414 -13.924176
     0.650  30.522534 -26.699098 -14.791323
     0.660  30.522534 -26.209108 -15.643138
     0.670  30.522534 -25.691950 -16.478738
     0.680  30.522534 -25.148161 -17.297257
     0.690  30.522534 -24.578304 -18.097847
     0.700  30.522534 -23.982971 -18.879677
     0.710  30.522534 -23.362778 -19.641937
     0.720  30.522534 -22.718368 -20.383837
     0.730  30.522534 -22.050410 -21.104609
     0.740  30.522534 -21.359595 -21.803504
     0.750  30.522534 -20.646640 -22.479799
     0.760  30.522534 -19.912283 -23.132792
     0.770  30.522534 -19.157287 -23.761807
     0.780  30.522534 -18.382432 -24.366191
     0.790  30.522534 -17.588523 -24.945319
     0.800  30.522534 -16.776383 -25.498589
     0.810  30.522534 -15.946853 -26.025429
     0.820  30.522534 -15.100794 -26.525292
     0.830  30.522534 -14.239082 -26.997660
     0.840  30.522534 -13.362610 -27.442043
     0.850  30.522534 -12.472287 -27.857982
     0.860  30.522534 -11.569035 -28.245044
     0.870  30.522534 -10.653792 -28.602828
     0.880  30.522534  -9.727506 -28.930965
     0.890  30.522534  -8.791136 -29.229112
     0.900  30.522534  -7.845654 -29.496962
     0.910  30.522534  -6.892040 -29.734237
     0.920  30.522534  -5.931282 -29.940691
     0.930  30.522534  -4.964375 -30.116110
     0.940  30.522534  -3.992323 -30.260311
     0.950  30.522534  -3.016132 -30.373147
     0.960  30.522534  -2.036815 -30.454498
     0.970  30.522534  -1.055387 -30.504282
     0.980  30.522534  -0.072865 -30.522447
     0.990  30.522534   0.909733 -30.508974
     1.000  30.522534   1.891388 -30.463876
     1.010  30.522534   2.871082 -30.387201
     1.020  30.522534   3.847800 -30.279028
     1.030  30.522534   4.820530 -30.139469
     1.040  30.522534   5.788263 -29.968669
     1.050  30.522534   6.749996 -29.766804
     1.060  30.522534   7.704732 -29.534085
     1.070  30.522534   8.651482 -29.270752
     1.080  30.522534   9.589265 -28.977079
     1.090  30.522534  10.517107 -28.653369
     1.100  30.522534  11.434048 -28.299958
     1.110  30.522534  12.339137 -27.917213
     1.120  30.522534  13.231436 -27.505530
     1.130  30.522534  14.110020 -27.065336
     1.140  30.522534  14.973977 -26.597088
     1.150  30.522534  15.822414 -26.101270
     1.160  30.522534  16.654450 -25.578397
     1.170  30.522534  17.469222 -25.029010
     1.180  30.522534  18.265887 -24.453680
     1.190  30.522534  19.043618 -23.853002
     1.200  30.522534  19.801609 -23.227599
     1.210  30.522534  20.539075 -22.578119
     1.220  30.522534  21.255251 -21.905236
     1.230  30.522534  21.949395 -21.209647
     1.240  30.522534  22.620787 -20.492073
     1.250  30.522534  23.268732 -19.753258
     1.260  30.522534  23.892557 -18.993968
     1.270  30.522534  24.491616 -18.214989
     1.280  30.522534  25.065289 -17.417129
     1.290  30.522534  25.612979 -16.601216
     1.300  30.522534  26.134121 -15.768094
     1.310  30.522534  26.628173 -14.918629
     1.320  30.522534  27.094624 -14.053699
     1.330  30.522534  27.532989 -13.174201
     1.340  30.522534  27.942815 -12.281048
     1.350  30.522534  28.323677 -11.375165
     1.360  30.522534  28.675180 -10.457491
     1.370  30.522534  28.996960  -9.528978
     1.380  30.522534  29.288682  -8.590587
     1.390  30.522534  29.550045  -7.643291
     1.400  30.522534  29.780779  -6.688073
     1.410  30.522534  29.980642  -5.725922
     1.420  30.522534  30.149429  -4.757836
     1.430  30.522534  30.286965  -3.784818
     1.440  30.522534  30.393106  -2.807877
     1.450  30.522534  30.467744  -1.828025
     1.460  30.522534  30.510800  -0.846279
     1.470  30.522534  30.522230   0.136345
     1.480  30.522534  30.502021   1.118827
     1.490  30.522534  30.450196   2.100150
     1.500  30.522534  30.366808   3.079295
     1.510  30.522534  30.251943   4.055249
     1.520  30.522534  30.105720   5.027000
     1.530  30.522534  29.928291   5.993539
     1.540  30.522534  29.719839   6.953866
     1.550  30.522534  29.480581   7.906985
     1.560  30.522534  29.210765   8.851908
     1.570  30.522534  28.910671   9.787655
     1.580  30.522534  28.580609  10.713257
     1.590  30.522534  28.220922  11.627754
     1.600  30.522534  27.831982  12.530198
     1.610  30.522534  27.414193  13.419654
     1.620  30.522534  26.967987  14.295200
     1.630  30.522534  26.493828  15.155928
     1.640  30.522534  25.992206  16.000946
     1.650  30.522534  25.463643  16.829379
     1.660  30.522534  24.908684  17.640366
     1.670  30.522534  24.327907  18.433069
     1.680  30.522534  23.721912  19.206665
     1.690  30.522534  23.091328  19.960352
     1.700  30.522534  22.436809  20.693349
     1.710  30.522534  21.759033  21.404896
     1.720  30.522534  21.058703  22.094256
     1.730  30.522534  20.336544  22.760713
     1.740  30.522534  19.593305  23.403579
     1.750  30.522534  18.829756  24.022185
     1.760  30.522534  18.046690  24.615891
     1.770  30.522534  17.244917  25.184081
     1.780  30.522534  16.425269  25.726166
     1.790  30.522534  15.588595  26.241585
     1.800  30.522534  14.735762  26.729803
     1.810  30.522534  13.867656  27.190315
     1.820  30.522534  12.985174  27.622642
     1.830  30.522534  12.089233  28.026336
     1.840  30.522534  11.180761  28.400980
     1.850  30.522534  10.260699  28.746185
     1.860  30.522534   9.330002  29.061592
     1.870  30.522534   8.389633  29.346876
     1.880  30.522534   7.440568  29.601740
     1.890  30.522534   6.483791  29.825921
     1.900  30.522534   5.520293  30.019185
     1.910  30.522534   4.551073  30.181332
     1.920  30.522534   3.577135  30.312195
     1.930  30.522534   2.599489  30.411638
     1.940  30.522534   1.619149  30.479558
     1.950  30.522534   0.637131  30.515884
     1.960  30.522534  -0.345548  30.520578
     1.970  30.522534  -1.327869  30.493636
     1.980  30.522534  -2.308813  30.435086
     1.990  30.522534  -3.287364  30.344988
     2.000  30.522534  -4.262508  30.223436
     2.010  30.522534  -5.233233  30.070556
     2.020  30.522534  -6.198534  29.886506
     2.030  30.522534  -7.157409  29.671477
     2.040  30.522534  -8.108866  29.425692
     2.050  30.522534  -9.051917  29.149406
     2.060  30.522534  -9.985586  28.842905
     2.070  30.522534 -10.908904  28.506506
     2.080  30.522534 -11.820914  28.140559
     2.090  30.522534 -12.720671  27.745443
     2.100  30.522534 -13.607242  27.321567
     2.110  30.522534 -14.479709  26.869371
     2.120  30.522534 -15.337167  26.389323
     2.130  30.522534 -16.178727  25.881922
     2.140  30.522534 -17.003517  25.347692
     2.150  30.522534 -17.810682  24.787188
     2.160  30.522534 -18.599385  24.200991
     2.170  30.522534 -19.368809  23.589708
     2.180  30.522534 -20.118156  22.953973
     2.190  30.522534 -20.846650  22.294445
     2.200  30.522534 -21.553534  21.611808
     2.210  30.522534 -22.238078  20.906769
     2.220  30.522534 -22.899570  20.180059
     2.230  30.522534 -23.537326  19.432431
     2.240  30.522534 -24.150684  18.664660
     2.250  30.522534 -24.739009  17.877543
     2.260  30.522534 -25.301690  17.071894
     2.270  30.522534 -25.838145  16.248550
     2.280  30.522534 -26.347817  15.408363
     2.290  30.522534 -26.830178  14.552204
     2.300  30.522534 -27.284728  13.680961
     2.310  30.522534 -27.710996  12.795537
     2.320  30.522534 -28.108540  11.896850
     2.330  30.522534 -28.476948  10.985831
     2.340  30.522534 -28.815839  10.063425
     2.350  30.522534 -29.124860   9.130588
     2.360  30.522534 -29.403691   8.188286
     2.370  30.522534 -29.652044   7.237496
     2.380  30.522534 -29.869661   6.279205
     2.390  30.522534 -30.056317   5.314405
     2.400  30.522534 -30.211817   4.344096
     2.410  30.522534 -30.336002   3.369284
     2.420  30.522534 -30.428741   2.390980
     2.430  30.522534 -30.489940   1.410197
     2.440  30.522534 -30.519534   0.427953
     2.450  30.522534 -30.517493  -0.554735
     2.460  30.522534 -30.483818  -1.536848
     2.470  30.522534 -30.418546  -2.517368
     2.480  30.522534 -30.321743  -3.495279
     2.490  30.522534 -30.193510  -4.469566
     2.500  30.522534 -30.033980  -5.439221
     2.510  30.522534 -29.843318  -6.403237
     2.520  30.522534 -29.621722  -7.360616
     2.530  30.522534 -29.369421  -8.310366
     2.540  30.522534 -29.086677  -9.251501
     2.550  30.522534 -28.773784 -10.183047
     2.560  30.522534 -28.431065 -11.104038
     2.570  30.522534 -28.058875 -12.013518
     2.580  30.522534 -27.657601 -12.910546
     2.590  30.522534 -27.227658 -13.794191
     2.600  30.522534 -26.769493 -14.663538
     2.610  30.522534 -26.283579 -15.517685
     2.620  30.522534 -25.770421 -16.355748
     2.630  30.522534 -25.230550 -17.176857
     2.640  30.522534 -24.664527 -17.980161
     2.650  30.522534 -24.072938 -18.764828
     2.660  30.522534 -23.456395 -19.530043
     2.670  30.522534 -22.815539 -20.275015
     2.680  30.522534 -22.151034 -20.998971
     2.690  30.522534 -21.463567 -21.701160
     2.700  30.522534 -20.753853 -22.380855
     2.710  30.522534 -20.022626 -23.037351
     2.720  30.522534 -19.270644 -23.669968
     2.730  30.522534 -18.498687 -24.278049
     2.740  30.522534 -17.707556 -24.860964
     2.750  30.522534 -16.898069 -25.418110
     2.760  30.522534 -16.071067 -25.948909
     2.770  30.522534 -15.227407 -26.452810
     2.780  30.522534 -14.367962 -26.929292
     2.790  30.522534 -13.493624 -27.377860
     2.800  30.522534 -12.605299 -27.798049
     2.810  30.522534 -11.703908 -28.189424
     2.820  30.522534 -10.790386 -28.551579
     2.830  30.522534  -9.865678 -28.884139
     2.840  30.522534  -8.930745 -29.186759
     2.850  30.522534  -7.986554 -29.459125
     2.860  30.522534  -7.034084 -29.700955
     2.870  30.522534  -6.074324 -29.911999
     2.880  30.522534  -5.108267 -30.092037
     2.890  30.522534  -4.136915 -30.240883
     2.900  30.522534  -3.161275 -30.358383
     2.910  30.522534  -2.182358 -30.444415
     2.920  30.522534  -1.201179 -30.498889
     2.930  30.522534  -0.218755 -30.521750
     2.940  30.522534   0.763896 -30.512973
     2.950  30.522534   1.745755 -30.472568
     2.960  30.522534   2.725805 -30.400577
     2.970  30.522534   3.703029 -30.297073
     2.980  30.522534   4.676415 -30.162166
     2.990  30.522534   5.644953 -29.995993
     3.000  30.522534   6.607640 -29.798728
     3.010  30.522534   7.563478 -29.570575
     3.020  30.522534   8.511476 -29.311770
     3.030  30.522534   9.450651 -29.022582
     3.040  30.522534  10.380030 -28.703311
     3.050  30.522534  11.298650 -28.354287
     3.060  30.522534  12.205558 -27.975872
     3.070  30.522534  13.099814 -27.568459
     3.080  30.522534  13.980492 -27.132470
     3.090  30.522534  14.846678 -26.668356
     3.100  30.522534  15.697475 -26.176600
     3.110  30.522534  16.532000 -25.657709
     3.120  30.522534  17.349389 -25.112224
     3.130  30.522534  18.148795 -24.540708
     3.140  30.522534  18.929388 -23.943754
     3.150  30.522534  19.690360 -23.321981
     3.160  30.522534  20.430922 -22.676034
     3.170  30.522534  21.150306 -22.006581
     3.180  30.522534  21.847767 -21.314318
     3.190  30.522534  22.522581 -20.599962
     3.200  30.522534  23.174050 -19.864252
     3.210  30.522534  23.801497 -19.107952
     3.220  30.522534  24.404273 -18.331845
     3.230  30.522534  24.981752 -17.536737
     3.240  30.522534  25.533337 -16.723451
     3.250  30.522534  26.058454 -15.892830
     3.260  30.522534  26.556561 -15.045735
     3.270  30.522534  27.027141 -14.183045
     3.280  30.522534  27.469705 -13.305653
     3.290  30.522534  27.883795 -12.414469
     3.300  30.522534  28.268983 -11.510417
     3.310  30.522534  28.624868 -10.594433
     3.320  30.522534  28.951082  -9.667468
     3.330  30.522534  29.247286  -8.730482
     3.340  30.522534  29.513175  -7.784446
     3.350  30.522534  29.748471  -6.830342
     3.360  30.522534  29.952931  -5.869157
     3.370  30.522534  30.126343  -4.901889
     3.380  30.522534  30.268528  -3.929540
     3.390  30.522534  30.379338  -2.953117
     3.400  30.522534  30.458658  -1.973633
     3.410  30.522534  30.506406  -0.992104
     3.420  30.522534  30.522533  -0.009546
     3.430  30.522534  30.507021   0.973021
     3.440  30.522534  30.459887   1.954580
     3.450  30.522534  30.381179   2.934114
     3.460  30.522534  30.270980   3.910605
     3.470  30.522534  30.129404   4.883043
     3.480  30.522534  29.956596   5.850420
     3.490  30.522534  29.752737   6.811732
     3.500  30.522534  29.518038   7.765984
     3.510  30.522534  29.252742   8.712185
     3.520  30.522534  28.957124   9.649357
     3.530  30.522534  28.631490  10.576526
     3.540  30.522534  28.276177  11.492731
     3.550  30.522534  27.891556  12.397024
     3.560  30.522534  27.478023  13.288467
     3.570  30.522534  27.036007  14.166136
     3.580  30.522534  26.565967  15.029120
     3.590  30.522534  26.068391  15.876527
     3.600  30.522534  25.543793  16.707476
     3.610  30.522534  24.992717  17.521107
     3.620  30.522534  24.415735  18.316576
     3.630  30.522534  23.813445  19.093060
     3.640  30.522534  23.186471  19.849752
     3.650  30.522534  22.535463  20.585869
     3.660  30.522534  21.861095  21.300648
     3.670  30.522534  21.164068  21.993347
     3.680  30.522534  20.445103  22.663249
     3.690  30.522534  19.704945  23.309660
     3.700  30.522534  18.944362  23.931908
     3.710  30.522534  18.164142  24.529350
     3.720  30.522534  17.365094  25.101366
     3.730  30.522534  16.548046  25.647363
     3.740  30.522534  15.713846  26.166775
     3.750  30.522534  14.863357  26.659064
     3.760  30.522534  13.997461  27.123720
     3.770  30.522534  13.117056  27.560260
     3.780  30.522534  12.223055  27.968232
     3.790  30.522534  11.316384  28.347214
     3.800  30.522534  10.397983  28.696812
     3.810  30.522534   9.468803  29.016665
     3.820  30.522534   8.529809  29.306440
     3.830  30.522534   7.581973  29.565838
     3.840  30.522534   6.626278  29.794589
     3.850  30.522534   5.663715  29.992456
     3.860  30.522534   4.695281  30.159234
     3.870  30.522534   3.721980  30.294751
     3.880  30.522534   2.744821  30.398866
     3.890  30.522534   1.764816  30.471470
     3.900  30.522534   0.782983  30.512490
     3.910  30.522534  -0.199663  30.521881
     3.920  30.522534  -1.182101  30.499635
     3.930  30.522534  -2.163314  30.445774
     3.940  30.522534  -3.142284  30.360355
     3.950  30.522534  -4.117998  30.243465
     3.960  30.522534  -5.089443  30.095226
     3.970  30.522534  -6.055612  29.915793
     3.980  30.522534  -7.015504  29.705349
     3.990  30.522534  -7.968125  29.464115
     4.000  30.522534  -8.912486  29.192339
     4.010  30.522534  -9.847609  28.890304
     4.020  30.522534 -10.772524  28.558323
     4.030  30.522534 -11.686273  28.196739
     4.040  30.522534 -12.587908  27.805928
     4.050  30.522534 -13.476496  27.386295
     4.060  30.522534 -14.351114  26.938274
     4.070  30.522534 -15.210857  26.462330
     4.080  30.522534 -16.054832  25.958957
     4.090  30.522534 -16.882166  25.428676
     4.100  30.522534 -17.692001  24.872036
     4.110  30.522534 -18.483497  24.289615
     4.120  30.522534 -19.255834  23.682017
     4.130  30.522534 -20.008211  23.049871
     4.140  30.522534 -20.739849  22.393833
     4.150  30.522534 -21.449988  21.714582
     4.160  30.522534 -22.137894  21.012823
     4.170  30.522534 -22.802852  20.289283
     4.180  30.522534 -23.444174  19.544712
     4.190  30.522534 -24.061195  18.779882
     4.200  30.522534 -24.653275  17.995586
     4.210  30.522534 -25.219801  17.192636
     4.220  30.522534 -25.760185  16.371865
     4.230  30.522534 -26.273867  15.534123
     4.240  30.522534 -26.760315  14.680280
     4.250  30.522534 -27.219024  13.811220
     4.260  30.522534 -27.649520  12.927844
     4.270  30.522534 -28.051355  12.031067
     4.280  30.522534 -28.424113  11.121820
     4.290  30.522534 -28.767408  10.201044
     4.300  30.522534 -29.080885   9.269694
     4.310  30.522534 -29.364217   8.328736
     4.320  30.522534 -29.617112   7.379144
     4.330  30.522534 -29.839307   6.421904
     4.340  30.522534 -30.030572   5.458007
     4.350  30.522534 -30.190709   4.488452
     4.360  30.522534 -30.319551   3.514245
     4.370  30.522534 -30.416965   2.536395
     4.380  30.522534 -30.482851   1.555916
     4.390  30.522534 -30.517140   0.573825
     4.400  30.522534 -30.519795  -0.408862
     4.410  30.522534 -30.490816  -1.391125
     4.420  30.522534 -30.430231  -2.371945
     4.430  30.522534 -30.338103  -3.350307
     4.440  30.522534 -30.214529  -4.325197
     4.450  30.522534 -30.059635  -5.295603
     4.460  30.522534 -29.873583  -6.260520
     4.470  30.522534 -29.656566  -7.218947
     4.480  30.522534 -29.408807  -8.169892
     4.490  30.522534 -29.130565  -9.112368
     4.500  30.522534 -28.822128 -10.045398
     4.510  30.522534 -28.483815 -10.968016
     4.520  30.522534 -28.115977 -11.879265
     4.530  30.522534 -27.718995 -12.778201
     4.540  30.522534 -27.293280 -13.663891
     4.550  30.522534 -26.839275 -14.535418
     4.560  30.522534 -26.357450 -15.391878
     4.570  30.522534 -25.848303 -16.232384
     4.580  30.522534 -25.312364 -17.056064
     4.590  30.522534 -24.750187 -17.862064
     4.600  30.522534 -24.162355 -18.649550
     4.610  30.522534 -23.549477 -19.417704
     4.620  30.522534 -22.912189 -20.165730
     4.630  30.522534 -22.251151 -20.892854
     4.640  30.522534 -21.567049 -21.598321
     4.650  30.522534 -20.860591 -22.281401
     4.660  30.522534 -20.132510 -22.941384
     4.670  30.522534 -19.383561 -23.577588
     4.680  30.522534 -18.614520 -24.189352
     4.690  30.522534 -17.826184 -24.776042
     4.700  30.522534 -17.019369 -25.337051
     4.710  30.522534 -16.194914 -25.871796
     4.720  30.522534 -15.353671 -26.379724
     4.730  30.522534 -14.496514 -26.860308
     4.740  30.522534 -13.624330 -27.313050
     4.750  30.522534 -12.738024 -27.737481
     4.760  30.522534 -11.838514 -28.133160
     4.770  30.522534 -10.926733 -28.499677
     4.780  30.522534 -10.003626 -28.836653
     4.790  30.522534  -9.070149 -29.143738
     4.800  30.522534  -8.127271 -29.420614
     4.810  30.522534  -7.175968 -29.666995
     4.820  30.522534  -6.217227 -29.882623
     4.830  30.522534  -5.252042 -30.067277
     4.840  30.522534  -4.281412 -30.220764
     4.850  30.522534  -3.306345 -30.342926
     4.860  30.522534  -2.327851 -30.433636
     4.870  30.522534  -1.346943 -30.492800
     4.880  30.522534  -0.364639 -30.520356
     4.890  30.522534   0.618042 -30.516276
     4.900  30.522534   1.600083 -30.480565
     4.910  30.522534   2.580466 -30.413258
     4.920  30.522534   3.558173 -30.314427
     4.930  30.522534   4.532193 -30.184173
     4.940  30.522534   5.501514 -30.022632
     4.950  30.522534   6.465133 -29.829970
     4.960  30.522534   7.422050 -29.606389
     4.970  30.522534   8.371275 -29.352118
     4.980  30.522534   9.311821 -29.067423
     4.990  30.522534  10.242716 -28.752597
     5.000  30.522534  11.162993 -28.407968
     5.010  30.522534  12.071700 -28.033893
     5.020  30.522534  12.967893 -27.630759
     5.030  30.522534  13.850645 -27.198984
     5.040  30.522534  14.719039 -26.739016
     5.050  30.522534  15.572177 -26.251331
     5.060  30.522534  16.409173 -25.736436
     5.070  30.522534  17.229160 -25.194863
     5.080  30.522534  18.031288 -24.627175
     5.090  30.522534  18.814726 -24.033959
     5.100  30.522534  19.578661 -23.415830
     5.110  30.522534  20.322302 -22.773430
     5.120  30.522534  21.044878 -22.107424
     5.130  30.522534  21.745640 -21.418502
     5.140  30.522534  22.423861 -20.707379
     5.150  30.522534  23.078838 -19.974792
     5.160  30.522534  23.709893 -19.221500
     5.170  30.522534  24.316372 -18.448283
     5.180  30.522534  24.897645 -17.655944
     5.190  30.522534  25.453110 -16.845304
     5.200  30.522534  25.982192 -16.017202
     5.210  30.522534  26.484342 -15.172498
     5.220  30.522534  26.959040 -14.312067
     5.230  30.522534  27.405793 -13.436800
     5.240  30.522534  27.824138 -12.547605
     5.250  30.522534  28.213643 -11.645405
     5.260  30.522534  28.573902 -10.731133
     5.270  30.522534  28.904543  -9.805737
     5.280  30.522534  29.205223  -8.870178
     5.290  30.522534  29.475630  -7.925424
     5.300  30.522534  29.715483  -6.972455
     5.310  30.522534  29.924536  -6.012259
     5.320  30.522534  30.102569  -5.045830
     5.330  30.522534  30.249400  -4.074172
     5.340  30.522534  30.364876  -3.098290
     5.350  30.522534  30.448877  -2.119197
     5.360  30.522534  30.501316  -1.137907
     5.370  30.522534  30.522138  -0.155437
     5.380  30.522534  30.511323   0.827193
     5.390  30.522534  30.468881   1.808966
     5.400  30.522534  30.394857   2.788865
     5.410  30.522534  30.289326   3.765872
     5.420  30.522534  30.152399   4.738975
     5.430  30.522534  29.984218   5.707167
     5.440  30.522534  29.784956   6.669443
     5.450  30.522534  29.554821   7.624805
     5.460  30.522534  29.294050   8.572264
     5.470  30.522534  29.002915   9.510838
     5.480  30.522534  28.681716  10.439552
     5.490  30.522534  28.330787  11.357446
     5.500  30.522534  27.950492  12.263567
     5.510  30.522534  27.541225  13.156976
     5.520  30.522534  27.103409  14.036748
     5.530  30.522534  26.637500  14.901969
     5.540  30.522534  26.143979  15.751744
     5.550  30.522534  25.623359  16.585191
     5.560  30.522534  25.076179  17.401447
     5.570  30.522534  24.503005  18.199665
     5.580  30.522534  23.904434  18.979018
     5.590  30.522534  23.281083  19.738699
     5.600  30.522534  22.633601  20.477919
     5.610  30.522534  21.962658  21.195913
     5.620  30.522534  21.268949  21.891936
     5.630  30.522534  20.553194  22.565267
     5.640  30.522534  19.816135  23.215208
     5.650  30.522534  19.058535  23.841085
     5.660  30.522534  18.281180  24.442249
     5.670  30.522534  17.484875  25.018078
     5.680  30.522534  16.670446  25.567974
     5.690  30.522534  15.838738  26.091368
     5.700  30.522534  14.990612  26.587716
     5.710  30.522534  14.126947  27.056505
     5.720  30.522534  13.248639  27.497248
     5.730  30.522534  12.356598  27.909489
     5.740  30.522534  11.451748  28.292800
     5.750  30.522534  10.535028  28.646784
     5.760  30.522534   9.607389  28.971075
     5.770  30.522534   8.669790  29.265335
     5.780  30.522534   7.723205  29.529260
     5.790  30.522534   6.768614  29.762576
     5.800  30.522534   5.807008  29.965042
     5.810  30.522534   4.839382  30.136447
     5.820  30.522534   3.866740  30.276615
     5.830  30.522534   2.890089  30.385399
     5.840  30.522534   1.910443  30.462687
     5.850  30.522534   0.928817  30.508399
     5.860  30.522534  -0.053772  30.522487
     5.870  30.522534  -1.036306  30.504937
     5.880  30.522534  -2.017765  30.455766
     5.890  30.522534  -2.997132  30.375027
     5.900  30.522534  -3.973393  30.262803
     5.910  30.522534  -4.945536  30.119209
     5.920  30.522534  -5.912552  29.944395
     5.930  30.522534  -6.873439  29.738543
     5.940  30.522534  -7.827202  29.501864
     5.950  30.522534  -8.772851  29.234606
     5.960  30.522534  -9.709407  28.937044
     5.970  30.522534 -10.635898  28.609487
     5.980  30.522534 -11.551365  28.252275
     5.990  30.522534 -12.454858  27.865778
     6.000  30.522534 -13.345441  27.450397
     6.010  30.522534 -14.222191  27.006562
     6.020  30.522534 -15.084199  26.534733
     6.030  30.522534 -15.930571  26.035399
     6.040  30.522534 -16.760430  25.509078
     6.050  30.522534 -17.572916  24.956316
     6.060  30.522534 -18.367187  24.377685
     6.070  30.522534 -19.142419  23.773785
     6.080  30.522534 -19.897809  23.145243
     6.090  30.522534 -20.632574  22.492709
     6.100  30.522534 -21.345952  21.816860
     6.110  30.522534 -22.037204  21.118397
     6.120  30.522534 -22.705613  20.398044
     6.130  30.522534 -23.350487  19.656547
     6.140  30.522534 -23.971157  18.894675
     6.150  30.522534 -24.566979  18.113217
     6.160  30.522534 -25.137336  17.312984
     6.170  30.522534 -25.681637  16.494806
     6.180  30.522534 -26.199317  15.659529
     6.190  30.522534 -26.689841  14.808021
     6.200  30.522534 -27.152699  13.941163
     6.210  30.522534 -27.587412  13.059855
     6.220  30.522534 -27.993528  12.165009
     6.230  30.522534 -28.370629  11.257554
     6.240  30.522534 -28.718321  10.338429
     6.250  30.522534 -29.036245   9.408588
     6.260  30.522534 -29.324072   8.468995
     6.270  30.522534 -29.581503   7.520623
     6.280  30.522534 -29.808271   6.564456
     6.290  30.522534 -30.004141   5.601484
     6.300  30.522534 -30.168910   4.632706
     6.310  30.522534 -30.302407   3.659126
     6.320  30.522534 -30.404495   2.681753
     6.330  30.522534 -30.475066   1.701600
     6.340  30.522534 -30.514048   0.719683
     6.350  30.522534 -30.521401  -0.262979
     6.360  30.522534 -30.497117  -1.245369
     6.370  30.522534 -30.441221  -2.226468
     6.380  30.522534 -30.353771  -3.205260
     6.390  30.522534 -30.234857  -4.180728
     6.400  30.522534 -30.084604  -5.151864
     6.410  30.522534 -29.903166  -6.117659
     6.420  30.522534 -29.690732  -7.077113
     6.430  30.522534 -29.447522  -8.029231
     6.440  30.522534 -29.173788  -8.973026
     6.450  30.522534 -28.869813  -9.907520
     6.460  30.522534 -28.535914 -10.831745
     6.470  30.522534 -28.172436 -11.744741
     6.480  30.522534 -27.779755 -12.645564
     6.490  30.522534 -27.358279 -13.533279
     6.500  30.522534 -26.908445 -14.406966
     6.510  30.522534 -26.430719 -15.265720
     6.520  30.522534 -25.925595 -16.108649
     6.530  30.522534 -25.393599 -16.934882
     6.540  30.522534 -24.835281 -17.743560
     6.550  30.522534 -24.251219 -18.533846
     6.560  30.522534 -23.642020 -19.304921
     6.570  30.522534 -23.008315 -20.055985
     6.580  30.522534 -22.350760 -20.786260
     6.590  30.522534 -21.670038 -21.494989
     6.600  30.522534 -20.966853 -22.181437
     6.610  30.522534 -20.241935 -22.844893
     6.620  30.522534 -19.496036 -23.484669
     6.630  30.522534 -18.729927 -24.100102
     6.640  30.522534 -17.944404 -24.690554
     6.650  30.522534 -17.140281 -25.255413
     6.660  30.522534 -16.318390 -25.794093
     6.670  30.522534 -15.479585 -26.306036
     6.680  30.522534 -14.624735 -26.790711
     6.690  30.522534 -13.754725 -27.247617
     6.700  30.522534 -12.870457 -27.676279
     6.710  30.522534 -11.972849 -28.076253
     6.720  30.522534 -11.062830 -28.447124
     6.730  30.522534 -10.141344 -28.788508
     6.740  30.522534  -9.209346 -29.100052
     6.750  30.522534  -8.267802 -29.381432
     6.760  30.522534  -7.317688 -29.632356
     6.770  30.522534  -6.359989 -29.852565
     6.780  30.522534  -5.395697 -30.041830
     6.790  30.522534  -4.425812 -30.199955
     6.800  30.522534  -3.451340 -30.326776
     6.810  30.522534  -2.473290 -30.422162
     6.820  30.522534  -1.492677 -30.486013
     6.830  30.522534  -0.510516 -30.518264
     6.840  30.522534   0.472174 -30.518882
     6.850  30.522534   1.454374 -30.487864
     6.860  30.522534   2.435067 -30.425245
     6.870  30.522534   3.413236 -30.331088
     6.880  30.522534   4.387867 -30.205491
     6.890  30.522534   5.357950 -30.048585
     6.900  30.522534   6.322478 -29.860532
     6.910  30.522534   7.280454 -29.641526
     6.920  30.522534   8.230882 -29.391796
     6.930  30.522534   9.172779 -29.111599
     6.940  30.522534  10.105168 -28.801227
     6.950  30.522534  11.027082 -28.461000
     6.960  30.522534  11.937566 -28.091273
     6.970  30.522534  12.835676 -27.692427
     6.980  30.522534  13.720481 -27.264876
     6.990  30.522534  14.591065 -26.809064
     7.000  30.522534  15.446523 -26.325463
     7.010  30.522534  16.285971 -25.814574
     7.020  30.522534  17.108537 -25.276927
     7.030  30.522534  17.913370 -24.713079
     7.040  30.522534  18.699634 -24.123614
     7.050  30.522534  19.466515 -23.509144
     7.060  30.522534  20.213218 -22.870306
     7.070  30.522534  20.938969 -22.207761
     7.080  30.522534  21.643015 -21.522197
     7.090  30.522534  22.324628 -20.814324
     7.100  30.522534  22.983099 -20.084876
     7.110  30.522534  23.617748 -19.334608
     7.120  30.522534  24.227915 -18.564299
     7.130  30.522534  24.812969 -17.774748
     7.140  30.522534  25.372303 -16.966771
     7.150  30.522534  25.905337 -16.141208
     7.160  30.522534  26.411519 -15.298914
     7.170  30.522534  26.890323 -14.440761
     7.180  30.522534  27.341255 -13.567640
     7.190  30.522534  27.763846 -12.680455
     7.200  30.522534  28.157658 -11.780127
     7.210  30.522534  28.522283 -10.867587
     7.220  30.522534  28.857343  -9.943783
     7.230  30.522534  29.162491  -9.009671
     7.240  30.522534  29.437411  -8.066221
     7.250  30.522534  29.681817  -7.114409
     7.260  30.522534  29.895456  -6.155223
     7.270  30.522534  30.078107  -5.189656
     7.280  30.522534  30.229581  -4.218711
     7.290  30.522534  30.349720  -3.243392
     7.300  30.522534  30.438400  -2.264712
     7.310  30.522534  30.495528  -1.283683
     7.320  30.522534  30.521047  -0.301325
     7.330  30.522534  30.514928   0.681346
     7.340  30.522534  30.477180   1.663311
     7.350  30.522534  30.407840   2.643552
     7.360  30.522534  30.306980   3.621052
     7.370  30.522534  30.174706   4.594799
     7.380  30.522534  30.011154   5.563784
     7.390  30.522534  29.816494   6.527001
     7.400  30.522534  29.590928   7.483452
     7.410  30.522534  29.334689   8.432147
     7.420  30.522534  29.048043   9.372101
     7.430  30.522534  28.731287  10.302341
     7.440  30.522534  28.384750  11.221901
     7.450  30.522534  28.008790  12.129830
     7.460  30.522534  27.603798  13.025185
     7.470  30.522534  27.170192  13.907039
     7.480  30.522534  26.708424  14.774477
     7.490  30.522534  26.218970  15.626601
     7.500  30.522534  25.702340  16.462528
     7.510  30.522534  25.159067  17.281389
     7.520  30.522534  24.589716  18.082338
     7.530  30.522534  23.994876  18.864544
     7.540  30.522534  23.375164  19.627195
     7.550  30.522534  22.731223  20.369502
     7.560  30.522534  22.063719  21.090694
     7.570  30.522534  21.373345  21.790025
     7.580  30.522534  20.660817  22.466770
     7.590  30.522534  19.926872  23.120226
     7.600  30.522534  19.172272  23.749717
     7.610  30.522534  18.397799  24.354590
     7.620  30.522534  17.604256  24.934218
     7.630  30.522534  16.792465  25.488001
     7.640  30.522534  15.963268  26.015364
     7.650  30.522534  15.117524  26.515761
     7.660  30.522534  14.256110  26.988672
     7.670  30.522534  13.379918  27.433608
     7.680  30.522534  12.489858  27.850108
     7.690  30.522534  11.586851  28.237740
     7.700  30.522534  10.671834  28.596102
     7.710  30.522534   9.745754  28.924822
     7.720  30.522534   8.809573  29.223561
     7.730  30.522534   7.864260  29.492007
     7.740  30.522534   6.910796  29.729884
     7.750  30.522534   5.950168  29.936944
     7.760  30.522534   4.983372  30.112972
     7.770  30.522534   4.011411  30.257787
     7.780  30.522534   3.035292  30.371238
     7.790  30.522534   2.056026  30.453207
     7.800  30.522534   1.074630  30.503611
     7.810  30.522534   0.092119  30.522395
     7.820  30.522534  -0.890487  30.509541
     7.830  30.522534  -1.872170  30.465063
     7.840  30.522534  -2.851912  30.389006
     7.850  30.522534  -3.828698  30.281449
     7.860  30.522534  -4.801516  30.142504
     7.870  30.522534  -5.769357  29.972314
     7.880  30.522534  -6.731217  29.771056
     7.890  30.522534  -7.686100  29.538940
     7.900  30.522534  -8.633016  29.276204
     7.910  30.522534  -9.570983  28.983122
     7.920  30.522534 -10.499030  28.659998
     7.930  30.522534 -11.416193  28.307165
     7.940  30.522534 -12.321524  27.924991
     7.950  30.522534 -13.214082  27.513871
     7.960  30.522534 -14.092943  27.074232
     7.970  30.522534 -14.957196  26.606529
     7.980  30.522534 -15.805945  26.111246
     7.990  30.522534 -16.638311  25.588898
     8.000  30.522534 -17.453430  25.040026
     8.010  30.522534 -18.250457  24.465198
     8.020  30.522534 -19.028567  23.865010
     8.030  30.522534 -19.786953  23.240086
     8.040  30.522534 -20.524828  22.591071
     8.050  30.522534 -21.241429  21.918640
     8.060  30.522534 -21.936011  21.223489
     8.070  30.522534 -22.607856  20.506339
     8.080  30.522534 -23.256266  19.767933
     8.090  30.522534 -23.880570  19.009036
     8.100  30.522534 -24.480121  18.230435
     8.110  30.522534 -25.054296  17.432938
     8.120  30.522534 -25.602502  16.617370
     8.130  30.522534 -26.124169  15.784578
     8.140  30.522534 -26.618757  14.935423
     8.150  30.522534 -27.085753  14.070788
     8.160  30.522534 -27.524673  13.191567
     8.170  30.522534 -27.935063  12.298673
     8.180  30.522534 -28.316496  11.393031
     8.190  30.522534 -28.668578  10.475578
     8.200  30.522534 -28.990943   9.547268
     8.210  30.522534 -29.283257   8.609061
     8.220  30.522534 -29.545218   7.661930
     8.230  30.522534 -29.776554   6.706858
     8.240  30.522534 -29.977024   5.744833
     8.250  30.522534 -30.146422   4.776854
     8.260  30.522534 -30.284571   3.803923
     8.270  30.522534 -30.391329   2.827049
     8.280  30.522534 -30.466584   1.847245
     8.290  30.522534 -30.510260   0.865526
     8.300  30.522534 -30.522309  -0.117091
     8.310  30.522534 -30.502721  -1.099585
     8.320  30.522534 -30.451515  -2.080940
     8.330  30.522534 -30.368744  -3.060139
     8.340  30.522534 -30.254495  -4.036165
     8.350  30.522534 -30.108885  -5.008007
     8.360  30.522534 -29.932065  -5.974658
     8.370  30.522534 -29.724220  -6.935116
     8.380  30.522534 -29.485563  -7.888386
     8.390  30.522534 -29.216344  -8.833479
     8.400  30.522534 -28.916839  -9.769415
     8.410  30.522534 -28.587362 -10.695225
     8.420  30.522534 -28.228251 -11.609949
     8.430  30.522534 -27.839881 -12.512639
     8.440  30.522534 -27.422653 -13.402358
     8.450  30.522534 -26.977000 -14.278185
     8.460  30.522534 -26.503384 -15.139212
     8.470  30.522534 -26.002295 -15.984547
     8.480  30.522534 -25.474254 -16.813312
     8.490  30.522534 -24.919807 -17.624650
     8.500  30.522534 -24.339530 -18.417719
     8.510  30.522534 -23.734024 -19.191696
     8.520  30.522534 -23.103915 -19.945781
     8.530  30.522534 -22.449859 -20.679191
     8.540  30.522534 -21.772532 -21.391165
     8.550  30.522534 -21.072636 -22.080967
     8.560  30.522534 -20.350898 -22.747880
     8.570  30.522534 -19.608064 -23.391214
     8.580  30.522534 -18.844906 -24.010302
     8.590  30.522534 -18.062215 -24.604501
     8.600  30.522534 -17.260800 -25.173197
     8.610  30.522534 -16.441494 -25.715800
     8.620  30.522534 -15.605146 -26.231746
     8.630  30.522534 -14.752621 -26.720502
     8.640  30.522534 -13.884805 -27.181561
     8.650  30.522534 -13.002597 -27.614445
     8.660  30.522534 -12.106911 -28.018704
     8.670  30.522534 -11.198675 -28.393921
     8.680  30.522534 -10.278831 -28.739706
     8.690  30.522534  -9.348333 -29.055701
     8.700  30.522534  -8.408145 -29.341578
     8.710  30.522534  -7.459241 -29.597041
     8.720  30.522534  -6.502605 -29.821824
     8.730  30.522534  -5.539229 -30.015696
     8.740  30.522534  -4.570111 -30.178455
     8.750  30.522534  -3.596256 -30.309933
     8.760  30.522534  -2.618673 -30.409992
     8.770  30.522534  -1.638376 -30.478530
     8.780  30.522534  -0.656381 -30.515476
     8.790  30.522534   0.326295 -30.520790
     8.800  30.522534   1.308632 -30.494468
     8.810  30.522534   2.289613 -30.436537
     8.820  30.522534   3.268221 -30.347056
     8.830  30.522534   4.243441 -30.226119
     8.840  30.522534   5.214263 -30.073852
     8.850  30.522534   6.179679 -29.890411
     8.860  30.522534   7.138690 -29.675987
     8.870  30.522534   8.090302 -29.430802
     8.880  30.522534   9.033527 -29.155111
     8.890  30.522534   9.967389 -28.849198
     8.900  30.522534  10.890919 -28.513382
     8.910  30.522534  11.803159 -28.148011
     8.920  30.522534  12.703166 -27.753462
     8.930  30.522534  13.590004 -27.330146
     8.940  30.522534  14.462756 -26.878500
     8.950  30.522534  15.320517 -26.398993
     8.960  30.522534  16.162397 -25.892123
     8.970  30.522534  16.987524 -25.358413
     8.980  30.522534  17.795042 -24.798419
     8.990  30.522534  18.584115 -24.212719
     9.000  30.522534  19.353924 -23.601922
     9.010  30.522534  20.103672 -22.966660
     9.020  30.522534  20.832581 -22.307591
     9.030  30.522534  21.539897 -21.625400
     9.040  30.522534  22.224885 -20.920793
     9.050  30.522534  22.886836 -20.194500
     9.060  30.522534  23.525063 -19.447275
     9.070  30.522534  24.138905 -18.679891
     9.080  30.522534  24.727726 -17.893145
     9.090  30.522534  25.290915 -17.087852
     9.100  30.522534  25.827889 -16.264846
     9.110  30.522534  26.338091 -15.424981
     9.120  30.522534  26.820993 -14.569126
     9.130  30.522534  27.276092 -13.698171
     9.140  30.522534  27.702919 -12.813016
     9.150  30.522534  28.101030 -11.914580
     9.160  30.522534  28.470013 -11.003793
     9.170  30.522534  28.809485 -10.081601
     9.180  30.522534  29.119094  -9.148959
     9.190  30.522534  29.398520  -8.206833
     9.200  30.522534  29.647473  -7.256200
     9.210  30.522534  29.865694  -6.298046
     9.220  30.522534  30.052958  -5.333364
     9.230  30.522534  30.209071  -4.363153
     9.240  30.522534  30.333870  -3.388420
     9.250  30.522534  30.427227  -2.410175
     9.260  30.522534  30.489044  -1.429431
     9.270  30.522534  30.519258  -0.447205
     9.280  30.522534  30.517836   0.535484
     9.290  30.522534  30.484782   1.517618
     9.300  30.522534  30.420128   2.498179
     9.310  30.522534  30.323942   3.476150
     9.320  30.522534  30.196324   4.450518
     9.330  30.522534  30.037405   5.420273
     9.340  30.522534  29.847352   6.384410
     9.350  30.522534  29.626359   7.341929
     9.360  30.522534  29.374658   8.291837
     9.370  30.522534  29.092508   9.233151
     9.380  30.522534  28.780202  10.164894
     9.390  30.522534  28.438064  11.086100
     9.400  30.522534  28.066448  11.995815
     9.410  30.522534  27.665740  12.893096
     9.420  30.522534  27.236355  13.777012
     9.430  30.522534  26.778737  14.646648
     9.440  30.522534  26.293363  15.501102
     9.450  30.522534  25.780733  16.339488
     9.460  30.522534  25.241381  17.160937
     9.470  30.522534  24.675865  17.964598
     9.480  30.522534  24.084770  18.749638
     9.490  30.522534  23.468711  19.515243
     9.500  30.522534  22.828325  20.260619
     9.510  30.522534  22.164276  20.984994
     9.520  30.522534  21.477253  21.687616
     9.530  30.522534  20.767967  22.367759
     9.540  30.522534  20.037154  23.024716
     9.550  30.522534  19.285572  23.657806
     9.560  30.522534  18.513999  24.266374
     9.570  30.522534  17.723235  24.849789
     9.580  30.522534  16.914101  25.407446
     9.590  30.522534  16.087433  25.938766
     9.600  30.522534  15.244091  26.443199
     9.610  30.522534  14.384947  26.920223
     9.620  30.522534  13.510892  27.369342
     9.630  30.522534  12.622832  27.790091
     9.640  30.522534  11.721689  28.182035
     9.650  30.522534  10.808395  28.544766
     9.660  30.522534   9.883897  28.877909
     9.670  30.522534   8.949155  29.181119
     9.680  30.522534   8.005136  29.454081
     9.690  30.522534   7.052819  29.696512
     9.700  30.522534   6.093192  29.908161
     9.710  30.522534   5.127249  30.088809
     9.720  30.522534   4.155991  30.238268
     9.730  30.522534   3.180425  30.356383
     9.740  30.522534   2.201563  30.443032
     9.750  30.522534   1.220418  30.498126
     9.760  30.522534   0.238009  30.521606
     9.770  30.522534  -0.744648  30.513449
     9.780  30.522534  -1.726532  30.473664
     9.790  30.522534  -2.706627  30.402290
     9.800  30.522534  -3.683916  30.299403
     9.810  30.522534  -4.657386  30.165110
     9.820  30.522534  -5.626029  29.999548
     9.830  30.522534  -6.588841  29.802890
     9.840  30.522534  -7.544822  29.575340
     9.850  30.522534  -8.492983  29.317134
     9.860  30.522534  -9.432341  29.028538
     9.870  30.522534 -10.361921  28.709853
     9.880  30.522534 -11.280761  28.361409
     9.890  30.522534 -12.187907  27.983567
     9.900  30.522534 -13.082421  27.576718
     9.910  30.522534 -13.963373  27.141284
     9.920  30.522534 -14.829852  26.677717
     9.930  30.522534 -15.680959  26.186497
     9.940  30.522534 -16.515811  25.668133
     9.950  30.522534 -17.333544  25.123163
     9.960  30.522534 -18.133310  24.552151
     9.970  30.522534 -18.914280  23.955690
     9.980  30.522534 -19.675644  23.334398
     9.990  30.522534 -20.416613  22.688918
    10.000  30.522534 -21.136420  22.019919
    10.010  30.522534 -21.834317  21.328096
    10.020  30.522534 -22.509582  20.614165
    10.030  30.522534 -23.161514  19.878867
    10.040  30.522534 -23.789438  19.122963
    10.050  30.522534 -24.392704  18.347237
    10.060  30.522534 -24.970684  17.552493
    10.070  30.522534 -25.522782  16.739555
    10.080  30.522534 -26.048424  15.909265
    10.090  30.522534 -26.547065  15.062485
    10.100  30.522534 -27.018188  14.200091
    10.110  30.522534 -27.461306  13.322979
    10.120  30.522534 -27.875959  12.432056
    10.130  30.522534 -28.261716  11.528247
    10.140  30.522534 -28.618179  10.612488
    10.150  30.522534 -28.944978   9.685729
    10.160  30.522534 -29.241773   8.748930
    10.170  30.522534 -29.508258   7.803063
    10.180  30.522534 -29.744156   6.849107
    10.190  30.522534 -29.949223   5.888051
    10.200  30.522534 -30.123245   4.920893
    10.210  30.522534 -30.266043   3.948633
    10.220  30.522534 -30.377469   2.972281
    10.230  30.522534 -30.457407   1.992847
    10.240  30.522534 -30.505774   1.011348
    10.250  30.522534 -30.522520   0.028801
    10.260  30.522534 -30.507628  -0.953776
    10.270  30.522534 -30.461114  -1.935365
    10.280  30.522534 -30.383024  -2.914948
    10.290  30.522534 -30.273441  -3.891509
    10.300  30.522534 -30.132478  -4.864036
    10.310  30.522534 -29.960281  -5.831521
    10.320  30.522534 -29.757029  -6.792962
    10.330  30.522534 -29.522931  -7.747361
    10.340  30.522534 -29.258232  -8.693730
    10.350  30.522534 -28.963205  -9.631088
    10.360  30.522534 -28.638156 -10.558462
    10.370  30.522534 -28.283422 -11.474892
    10.380  30.522534 -27.899370 -12.379427
    10.390  30.522534 -27.486400 -13.271131
    10.400  30.522534 -27.044938 -14.149078
    10.410  30.522534 -26.575443 -15.012359
    10.420  30.522534 -26.078401 -15.860079
    10.430  30.522534 -25.554327 -16.691359
    10.440  30.522534 -25.003765 -17.505337
    10.450  30.522534 -24.427285 -18.301171
    10.460  30.522534 -23.825485 -19.078034
    10.470  30.522534 -23.198988 -19.835121
    10.480  30.522534 -22.548444 -20.571649
    10.490  30.522534 -21.874528 -21.286853
    10.500  30.522534 -21.177938 -21.979992
    10.510  30.522534 -20.459395 -22.650347
    10.520  30.522534 -19.719645 -23.297225
    10.530  30.522534 -18.959455 -23.919953
    10.540  30.522534 -18.179612 -24.517887
    10.550  30.522534 -17.380925 -25.090407
    10.560  30.522534 -16.564222 -25.636919
    10.570  30.522534 -15.730349 -26.156857
    10.580  30.522534 -14.880171 -26.649683
    10.590  30.522534 -14.014569 -27.114884
    10.600  30.522534 -13.134440 -27.551980
    10.610  30.522534 -12.240696 -27.960516
    10.620  30.522534 -11.334264 -28.340070
    10.630  30.522534 -10.416083 -28.690247
    10.640  30.522534  -9.487106 -29.010686
    10.650  30.522534  -8.548295 -29.301054
    10.660  30.522534  -7.600623 -29.561049
    10.670  30.522534  -6.645072 -29.790403
    10.680  30.522534  -5.682634 -29.988877
    10.690  30.522534  -4.714305 -30.156267
    10.700  30.522534  -3.741090 -30.292397
    10.710  30.522534  -2.763997 -30.397128
    10.720  30.522534  -1.784038 -30.470351
    10.730  30.522534  -0.802231 -30.511990
    10.740  30.522534   0.180408 -30.522001
    10.750  30.522534   1.162860 -30.500374
    10.760  30.522534   2.144107 -30.447133
    10.770  30.522534   3.123131 -30.362331
    10.780  30.522534   4.098918 -30.246057
    10.790  30.522534   5.070457 -30.098431
    10.800  30.522534   6.036739 -29.919607
    10.810  30.522534   6.996764 -29.709769
    10.820  30.522534   7.949536 -29.469136
    10.830  30.522534   8.894069 -29.197956
    10.840  30.522534   9.829382 -28.896511
    10.850  30.522534  10.754506 -28.565113
    10.860  30.522534  11.668483 -28.204106
    10.870  30.522534  12.570365 -27.813864
    10.880  30.522534  13.459217 -27.394791
    10.890  30.522534  14.334118 -26.947322
    10.900  30.522534  15.194160 -26.471920
    10.910  30.522534  16.038454 -25.969080
    10.920  30.522534  16.866122 -25.439320
    10.930  30.522534  17.676308 -24.883192
    10.940  30.522534  18.468171 -24.301270
    10.950  30.522534  19.240891 -23.694160
    10.960  30.522534  19.993667 -23.062488
    10.970  30.522534  20.725718 -22.406912
    10.980  30.522534  21.436286 -21.728109
    10.990  30.522534  22.124634 -21.026784
    11.000  30.522534  22.790049 -20.303664
    11.010  30.522534  23.431840 -19.559498
    11.020  30.522534  24.049344 -18.795057
    11.030  30.522534  24.641918 -18.011134
    11.040  30.522534  25.208950 -17.208542
    11.050  30.522534  25.749852 -16.388112
    11.060  30.522534  26.264062 -15.550695
    11.070  30.522534  26.751049 -14.697158
    11.080  30.522534  27.210306 -13.828388
    11.090  30.522534  27.641359 -12.945283
    11.100  30.522534  28.043760 -12.048760
    11.110  30.522534  28.417092 -11.139748
    11.120  30.522534  28.760968 -10.219189
    11.130  30.522534  29.075031  -9.288037
    11.140  30.522534  29.358957  -8.347258
    11.150  30.522534  29.612451  -7.397826
    11.160  30.522534  29.835250  -6.440726
    11.170  30.522534  30.027123  -5.476950
    11.180  30.522534  30.187871  -4.507496
    11.190  30.522534  30.317328  -3.533371
    11.200  30.522534  30.415359  -2.555583
    11.210  30.522534  30.481863  -1.575145
    11.220  30.522534  30.516772  -0.593076
    11.230  30.522534  30.520047   0.389609
    11.240  30.522534  30.491687   1.371890
    11.250  30.522534  30.431721   2.352749
    11.260  30.522534  30.340211   3.331169
    11.270  30.522534  30.217251   4.306136
    11.280  30.522534  30.062970   5.276639
    11.290  30.522534  29.877527   6.241673
    11.300  30.522534  29.661114   7.200237
    11.310  30.522534  29.413955   8.151338
    11.320  30.522534  29.136308   9.093989
    11.330  30.522534  28.828459  10.027214
    11.340  30.522534  28.490728  10.950046
    11.350  30.522534  28.123465  11.861527
    11.360  30.522534  27.727050  12.760713
    11.370  30.522534  27.301895  13.646671
    11.380  30.522534  26.848439  14.518484
    11.390  30.522534  26.367154  15.375248
    11.400  30.522534  25.858538  16.216075
    11.410  30.522534  25.323118  17.040093
    11.420  30.522534  24.761450  17.846448
    11.430  30.522534  24.174114  18.634304
    11.440  30.522534  23.561721  19.402844
    11.450  30.522534  22.924905  20.151273
    11.460  30.522534  22.264327  20.878813
    11.470  30.522534  21.580669  21.584712
    11.480  30.522534  20.874643  22.268237
    11.490  30.522534  20.146979  22.928679
    11.500  30.522534  19.398431  23.565355
    11.510  30.522534  18.629775  24.177604
    11.520  30.522534  17.841809  24.764792
    11.530  30.522534  17.035349  25.326310
    11.540  30.522534  16.211231  25.861575
    11.550  30.522534  15.370309  26.370034
    11.560  30.522534  14.513455  26.851158
    11.570  30.522534  13.641557  27.304450
    11.580  30.522534  12.755519  27.729440
    11.590  30.522534  11.856259  28.125686
    11.600  30.522534  10.944709  28.492778
    11.610  30.522534  10.021815  28.830337
    11.620  30.522534   9.088532  29.138011
    11.630  30.522534   8.145829  29.415482
    11.640  30.522534   7.194682  29.662462
    11.650  30.522534   6.236077  29.878695
    11.660  30.522534   5.271008  30.063958
    11.670  30.522534   4.300476  30.218057
    11.680  30.522534   3.325486  30.340834
    11.690  30.522534   2.347049  30.432161
    11.700  30.522534   1.366179  30.491944
    11.710  30.522534   0.383893  30.520120
    11.720  30.522534  -0.598791  30.516660
    11.730  30.522534  -1.580855  30.481568
    11.740  30.522534  -2.561279  30.414880
    11.750  30.522534  -3.539049  30.316666
    11.760  30.522534  -4.513151  30.187026
    11.770  30.522534  -5.482574  30.026096
    11.780  30.522534  -6.446314  29.834043
    11.790  30.522534  -7.403372  29.611065
    11.800  30.522534  -8.352757  29.357393
    11.810  30.522534  -9.293483  29.073291
    11.820  30.522534 -10.224576  28.759053
    11.830  30.522534 -11.145071  28.415005
    11.840  30.522534 -12.054013  28.041502
    11.850  30.522534 -12.950460  27.638934
    11.860  30.522534 -13.833484  27.207716
    11.870  30.522534 -14.702169  26.748296
    11.880  30.522534 -15.555614  26.261149
    11.890  30.522534 -16.392934  25.746782
    11.900  30.522534 -17.213263  25.205727
    11.910  30.522534 -18.015749  24.638544
    11.920  30.522534 -18.799561  24.045823
    11.930  30.522534 -19.563886  23.428176
    11.940  30.522534 -20.307932  22.786245
    11.950  30.522534 -21.030928  22.120695
    11.960  30.522534 -21.732124  21.432216
    11.970  30.522534 -22.410793  20.721521
    11.980  30.522534 -23.066233  19.989347
    11.990  30.522534 -23.697763  19.236453
    12.000  30.522534 -24.304729  18.463619
    12.010  30.522534 -24.886502  17.671647
    12.020  30.522534 -25.442479  16.861357
    12.030  30.522534 -25.972083  16.033589
    12.040  30.522534 -26.474766  15.189202
    12.050  30.522534 -26.950006  14.329070
    12.060  30.522534 -27.397311  13.454086
    12.070  30.522534 -27.816218  12.565155
    12.080  30.522534 -28.206291  11.663200
    12.090  30.522534 -28.567127  10.749156
    12.100  30.522534 -28.898351   9.823969
    12.110  30.522534 -29.199621   8.888600
    12.120  30.522534 -29.470624   7.944017
    12.130  30.522534 -29.711079   6.991199
    12.140  30.522534 -29.920737   6.031135
    12.150  30.522534 -30.099380   5.064819
    12.160  30.522534 -30.246824   4.093253
    12.170  30.522534 -30.362915   3.117444
    12.180  30.522534 -30.447534   2.138404
    12.190  30.522534 -30.500592   1.157148
    12.200  30.522534 -30.522034   0.174692
    12.210  30.522534 -30.511839  -0.807946
    12.220  30.522534 -30.470016  -1.789745
    12.230  30.522534 -30.396610  -2.769690
    12.240  30.522534 -30.291696  -3.746764
    12.250  30.522534 -30.155383  -4.719954
    12.260  30.522534 -29.987812  -5.688251
    12.270  30.522534 -29.789158  -6.650652
    12.280  30.522534 -29.559625  -7.606160
    12.290  30.522534 -29.299452  -8.553783
    12.300  30.522534 -29.008909  -9.492540
    12.310  30.522534 -28.688296 -10.421457
    12.320  30.522534 -28.337946 -11.339572
    12.330  30.522534 -27.958223 -12.245933
    12.340  30.522534 -27.549519 -13.139600
    12.350  30.522534 -27.112259 -14.019647
    12.360  30.522534 -26.646895 -14.885162
    12.370  30.522534 -26.153911 -15.735248
    12.380  30.522534 -25.633816 -16.569024
    12.390  30.522534 -25.087151 -17.385625
    12.400  30.522534 -24.514481 -18.184204
    12.410  30.522534 -23.916401 -18.963935
    12.420  30.522534 -23.293531 -19.724009
    12.430  30.522534 -22.646515 -20.463637
    12.440  30.522534 -21.976025 -21.182054
    12.450  30.522534 -21.282755 -21.878515
    12.460  30.522534 -20.567425 -22.552297
    12.470  30.522534 -19.830776 -23.202703
    12.480  30.522534 -19.073571 -23.829058
    12.490  30.522534 -18.296595 -24.430712
    12.500  30.522534 -17.500654 -25.007043
    12.510  30.522534 -16.686572 -25.557453
    12.520  30.522534 -15.855194 -26.081371
    12.530  30.522534 -15.007381 -26.578254
    12.540  30.522534 -14.144012 -27.047588
    12.550  30.522534 -13.265982 -27.488885
    12.560  30.522534 -12.374201 -27.901689
    12.570  30.522534 -11.469594 -28.285571
    12.580  30.522534 -10.553098 -28.640133
    12.590  30.522534  -9.625663 -28.965008
    12.600  30.522534  -8.688250 -29.259860
    12.610  30.522534  -7.741831 -29.524382
    12.620  30.522534  -6.787388 -29.758300
    12.630  30.522534  -5.825909 -29.961373
    12.640  30.522534  -4.858392 -30.133389
    12.650  30.522534  -3.885838 -30.274170
    12.660  30.522534  -2.909257 -30.383570
    12.670  30.522534  -1.929660 -30.461476
    12.680  30.522534  -0.948062 -30.507807
    12.690  30.522534   0.034518 -30.522515
    12.700  30.522534   1.017062 -30.505584
    12.710  30.522534   1.998552 -30.457033
    12.720  30.522534   2.977970 -30.376912
    12.730  30.522534   3.954302 -30.265303
    12.740  30.522534   4.926535 -30.122323
    12.750  30.522534   5.893661 -29.948119
    12.760  30.522534   6.854678 -29.742873
    12.770  30.522534   7.808590 -29.506796
    12.780  30.522534   8.754407 -29.240134
    12.790  30.522534   9.691151 -28.943163
    12.800  30.522534  10.617849 -28.616191
    12.810  30.522534  11.533540 -28.259556
    12.820  30.522534  12.437277 -27.873629
    12.830  30.522534  13.328122 -27.458810
    12.840  30.522534  14.205152 -27.015528
    12.850  30.522534  15.067457 -26.544243
    12.860  30.522534  15.914144 -26.045443
    12.870  30.522534  16.744335 -25.519646
    12.880  30.522534  17.557169 -24.967396
    12.890  30.522534  18.351805 -24.389267
    12.900  30.522534  19.127418 -23.785856
    12.910  30.522534  19.883205 -23.157790
    12.920  30.522534  20.618381 -22.505720
    12.930  30.522534  21.332185 -21.830322
    12.940  30.522534  22.023878 -21.132295
    12.950  30.522534  22.692741 -20.412363
    12.960  30.522534  23.338082 -19.671273
    12.970  30.522534  23.959232 -18.909793
    12.980  30.522534  24.555547 -18.128711
    12.990  30.522534  25.126409 -17.328838
    13.000  30.522534  25.671226 -16.511003
    13.010  30.522534  26.189434 -15.676054
    13.020  30.522534  26.680494 -14.824855
    13.030  30.522534  27.143899 -13.958289
    13.040  30.522534  27.579168 -13.077255
    13.050  30.522534  27.985849 -12.182666
    13.060  30.522534  28.363521 -11.275448
    13.070  30.522534  28.711794 -10.356544
    13.080  30.522534  29.030304  -9.426903
    13.090  30.522534  29.318724  -8.487492
    13.100  30.522534  29.576753  -7.539283
    13.110  30.522534  29.804124  -6.583258
    13.120  30.522534  30.000601  -5.620410
    13.130  30.522534  30.165981  -4.651736
    13.140  30.522534  30.300093  -3.678241
    13.150  30.522534  30.402797  -2.700932
    13.160  30.522534  30.473986  -1.720824
    13.170  30.522534  30.513588  -0.738932
    13.180  30.522534  30.521561   0.243725
    13.190  30.522534  30.497896   1.226131
    13.200  30.522534  30.442619   2.207265
    13.210  30.522534  30.355787   3.186111
    13.220  30.522534  30.237489   4.161655
    13.230  30.522534  30.087848   5.132884
    13.240  30.522534  29.907019   6.098794
    13.250  30.522534  29.695190   7.058381
    13.260  30.522534  29.452581   8.010653
    13.270  30.522534  29.179442   8.954620
    13.280  30.522534  28.876058   9.889306
    13.290  30.522534  28.542741  10.813741
    13.300  30.522534  28.179839  11.726967
    13.310  30.522534  27.787727  12.628037
    13.320  30.522534  27.366811  13.516018
    13.330  30.522534  26.917528  14.389989
    13.340  30.522534  26.440343  15.249043
    13.350  30.522534  25.935752  16.092291
    13.360  30.522534  25.404277  16.918859
    13.370  30.522534  24.846469  17.727889
    13.380  30.522534  24.262906  18.518544
    13.390  30.522534  23.654194  19.290003
    13.400  30.522534  23.020962  20.041466
    13.410  30.522534  22.363868  20.772156
    13.420  30.522534  21.683593  21.481314
    13.430  30.522534  20.980842  22.168206
    13.440  30.522534  20.256342  22.832119
    13.450  30.522534  19.510846  23.472366
    13.460  30.522534  18.745126  24.088282
    13.470  30.522534  17.959976  24.679229
    13.480  30.522534  17.156209  25.244595
    13.490  30.522534  16.334659  25.783793
    13.500  30.522534  15.496177  26.296266
    13.510  30.522534  14.641632  26.781480
    13.520  30.522534  13.771911  27.238935
    13.530  30.522534  12.887914  27.668154
    13.540  30.522534  11.990558  28.068694
    13.550  30.522534  11.080773  28.440140
    13.560  30.522534  10.159503  28.782105
    13.570  30.522534   9.227702  29.094237
    13.580  30.522534   8.286335  29.376210
    13.590  30.522534   7.336380  29.627734
    13.600  30.522534   6.378819  29.848547
    13.610  30.522534   5.414647  30.038420
    13.620  30.522534   4.444862  30.197157
    13.630  30.522534   3.470470  30.324593
    13.640  30.522534   2.492481  30.420595
    13.650  30.522534   1.511908  30.485065
    13.660  30.522534   0.529768  30.517936
    13.670  30.522534  -0.452922  30.519173
    13.680  30.522534  -1.435141  30.488776
    13.690  30.522534  -2.415874  30.426775
    13.700  30.522534  -3.394102  30.333235
    13.710  30.522534  -4.368812  30.208253
    13.720  30.522534  -5.338993  30.051959
    13.730  30.522534  -6.303640  29.864514
    13.740  30.522534  -7.261753  29.646113
    13.750  30.522534  -8.212339  29.396982
    13.760  30.522534  -9.154413  29.117380
    13.770  30.522534 -10.086997  28.807596
    13.780  30.522534 -11.009126  28.467951
    13.790  30.522534 -11.919843  28.098798
    13.800  30.522534 -12.818204  27.700518
    13.810  30.522534 -13.703279  27.273526
    13.820  30.522534 -14.574150  26.818263
    13.830  30.522534 -15.429913  26.335202
    13.840  30.522534 -16.269683  25.824843
    13.850  30.522534 -17.092589  25.287714
    13.860  30.522534 -17.897776  24.724374
    13.870  30.522534 -18.684412  24.135406
    13.880  30.522534 -19.451681  23.521420
    13.890  30.522534 -20.198787  22.883053
    13.900  30.522534 -20.924955  22.220966
    13.910  30.522534 -21.629434  21.535846
    13.920  30.522534 -22.311493  20.828403
    13.930  30.522534 -22.970425  20.099370
    13.940  30.522534 -23.605546  19.349503
    13.950  30.522534 -24.216199  18.579579
    13.960  30.522534 -24.801751  17.790397
    13.970  30.522534 -25.361595  16.982774
    13.980  30.522534 -25.895149  16.157547
    13.990  30.522534 -26.401862  15.315572
    14.000  30.522534 -26.881208  14.457722
    14.010  30.522534 -27.332691  13.584885
    14.020  30.522534 -27.755841  12.697967
    14.030  30.522534 -28.150221  11.797887
    14.040  30.522534 -28.515422  10.885578
    14.050  30.522534 -28.851065   9.961985
    14.060  30.522534 -29.156802   9.028066
    14.070  30.522534 -29.432317   8.084789
    14.080  30.522534 -29.677323   7.133132
    14.090  30.522534 -29.891568   6.174081
    14.100  30.522534 -30.074828   5.208630
    14.110  30.522534 -30.226914   4.237780
    14.120  30.522534 -30.347668   3.262537
    14.130  30.522534 -30.436965   2.283913
    14.140  30.522534 -30.494712   1.302921
    14.150  30.522534 -30.520850   0.320578
    14.160  30.522534 -30.515352  -0.662096
    14.170  30.522534 -30.478223  -1.644085
    14.180  30.522534 -30.409501  -2.624369
    14.190  30.522534 -30.309259  -3.601933
    14.200  30.522534 -30.177599  -4.575763
    14.210  30.522534 -30.014658  -5.544851
    14.220  30.522534 -29.820606  -6.508190
    14.230  30.522534 -29.595643  -7.464784
    14.240  30.522534 -29.340002  -8.413640
    14.250  30.522534 -29.053949  -9.353775
    14.260  30.522534 -28.737780 -10.284214
    14.270  30.522534 -28.391823 -11.203993
    14.280  30.522534 -28.016436 -12.112159
    14.290  30.522534 -27.612009 -13.007769
    14.300  30.522534 -27.178960 -13.889896
    14.310  30.522534 -26.717739 -14.757626
    14.320  30.522534 -26.228823 -15.610059
    14.330  30.522534 -25.712720 -16.446311
    14.340  30.522534 -25.169964 -17.265515
    14.350  30.522534 -24.601118 -18.066823
    14.360  30.522534 -24.006772 -18.849403
    14.370  30.522534 -23.387541 -19.612445
    14.380  30.522534 -22.744068 -20.355158
    14.390  30.522534 -22.077019 -21.076772
    14.400  30.522534 -21.387087 -21.776538
    14.410  30.522534 -20.674985 -22.453732
    14.420  30.522534 -19.941453 -23.107651
    14.430  30.522534 -19.187251 -23.737618
    14.440  30.522534 -18.413159 -24.342979
    14.450  30.522534 -17.619982 -24.923108
    14.460  30.522534 -16.808540 -25.477403
    14.470  30.522534 -15.979676 -26.005289
    14.480  30.522534 -15.134248 -26.506219
    14.490  30.522534 -14.273132 -26.979674
    14.500  30.522534 -13.397221 -27.425163
    14.510  30.522534 -12.507424 -27.842224
    14.520  30.522534 -11.604662 -28.230425
    14.530  30.522534 -10.689871 -28.589364
    14.540  30.522534  -9.763999 -28.918669
    14.550  30.522534  -8.828006 -29.217998
    14.560  30.522534  -7.882863 -29.487040
    14.570  30.522534  -6.929549 -29.725518
    14.580  30.522534  -5.969052 -29.933184
    14.590  30.522534  -5.002367 -30.109822
    14.600  30.522534  -4.030498 -30.255250
    14.610  30.522534  -3.054450 -30.369317
    14.620  30.522534  -2.075237 -30.451904
    14.630  30.522534  -1.093872 -30.502927
    14.640  30.522534  -0.111374 -30.522331
    14.650  30.522534   0.871240 -30.510097
    14.660  30.522534   1.852951 -30.466238
    14.670  30.522534   2.832741 -30.390799
    14.680  30.522534   3.809595 -30.283858
    14.690  30.522534   4.782500 -30.145527
    14.700  30.522534   5.750448 -29.975948
    14.710  30.522534   6.712435 -29.775297
    14.720  30.522534   7.667464 -29.543782
    14.730  30.522534   8.614546 -29.281644
    14.740  30.522534   9.552698 -28.989154
    14.750  30.522534  10.480948 -28.666615
    14.760  30.522534  11.398334 -28.314361
    14.770  30.522534  12.303905 -27.932759
    14.780  30.522534  13.196723 -27.522202
    14.790  30.522534  14.075861 -27.083117
    14.800  30.522534  14.940409 -26.615959
    14.810  30.522534  15.789470 -26.121212
    14.820  30.522534  16.622165 -25.599389
    14.830  30.522534  17.437630 -25.051031
    14.840  30.522534  18.235020 -24.476706
    14.850  30.522534  19.013508 -23.877009
    14.860  30.522534  19.772288 -23.252563
    14.870  30.522534  20.510573 -22.604015
    14.880  30.522534  21.227598 -21.932036
    14.890  30.522534  21.922618 -21.237323
    14.900  30.522534  22.594915 -20.520597
    14.910  30.522534  23.243791 -19.782599
    14.920  30.522534  23.868574 -19.024097
    14.930  30.522534  24.468616 -18.245874
    14.940  30.522534  25.043294 -17.448739
    14.950  30.522534  25.592014 -16.633518
    14.960  30.522534  26.114206 -15.801054
    14.970  30.522534  26.609330 -14.952212
    14.980  30.522534  27.076871 -14.087872
    14.990  30.522534  27.516346 -13.208928
    15.000  30.522534  27.927299 -12.316293
    15.010  30.522534  28.309303 -11.410891
    15.020  30.522534  28.661964 -10.493661
    15.030  30.522534  28.984914  -9.565554
    15.040  30.522534  29.277821  -8.627532
    15.050  30.522534  29.540379  -7.680567
    15.060  30.522534  29.772317  -6.725640
    15.070  30.522534  29.973394  -5.763743
    15.080  30.522534  30.143402  -4.795870
    15.090  30.522534  30.282166  -3.823027
    15.100  30.522534  30.389540  -2.846220
    15.110  30.522534  30.465413  -1.866464
    15.120  30.522534  30.509708  -0.884772
    15.130  30.522534  30.522377   0.097836
    15.140  30.522534  30.503409   1.080343
    15.150  30.522534  30.452822   2.061730
    15.160  30.522534  30.370669   3.040980
    15.170  30.522534  30.257035   4.017078
    15.180  30.522534  30.112038   4.989012
    15.190  30.522534  29.935828   5.955775
    15.200  30.522534  29.728589   6.916364
    15.210  30.522534  29.490534   7.869784
    15.220  30.522534  29.221910   8.815047
    15.230  30.522534  28.922997   9.751172
    15.240  30.522534  28.594103  10.677189
    15.250  30.522534  28.235569  11.592140
    15.260  30.522534  27.847769  12.495074
    15.270  30.522534  27.431102  13.385056
    15.280  30.522534  26.986001  14.261164
    15.290  30.522534  26.512929  15.122490
    15.300  30.522534  26.012374  15.968140
    15.310  30.522534  25.484855  16.797239
    15.320  30.522534  24.930921  17.608926
    15.330  30.522534  24.351144  18.402361
    15.340  30.522534  23.746126  19.176720
    15.350  30.522534  23.116493  19.931202
    15.360  30.522534  22.462899  20.665024
    15.370  30.522534  21.786022  21.377426
    15.380  30.522534  21.086561  22.067669
    15.390  30.522534  20.365244  22.735038
    15.400  30.522534  19.622816  23.378840
    15.410  30.522534  18.860049  23.998409
    15.420  30.522534  18.077732  24.593102
    15.430  30.522534  17.276677  25.162304
    15.440  30.522534  16.457713  25.705423
    15.450  30.522534  15.621690  26.221897
    15.460  30.522534  14.769475  26.711191
    15.470  30.522534  13.901950  27.172797
    15.480  30.522534  13.020014  27.606237
    15.490  30.522534  12.124583  28.011061
    15.500  30.522534  11.216585  28.386851
    15.510  30.522534  10.296959  28.733216
    15.520  30.522534   9.366660  29.049798
    15.530  30.522534   8.426652  29.336268
    15.540  30.522534   7.477910  29.592329
    15.550  30.522534   6.521416  29.817716
    15.560  30.522534   5.558162  30.012196
    15.570  30.522534   4.589148  30.175566
    15.580  30.522534   3.615376  30.307658
    15.590  30.522534   2.637856  30.408334
    15.600  30.522534   1.657603  30.477491
    15.610  30.522534   0.675631  30.515055
    15.620  30.522534  -0.307041  30.520990
    15.630  30.522534  -1.289395  30.495287
    15.640  30.522534  -2.270413  30.437975
    15.650  30.522534  -3.249077  30.349112
    15.660  30.522534  -4.224373  30.228790
    15.670  30.522534  -5.195290  30.077135
    15.680  30.522534  -6.160822  29.894303
    15.690  30.522534  -7.119968  29.680484
    15.700  30.522534  -8.071734  29.435900
    15.710  30.522534  -9.015133  29.160803
    15.720  30.522534  -9.949188  28.855480
    15.730  30.522534 -10.872929  28.520247
    15.740  30.522534 -11.785401  28.155451
    15.750  30.522534 -12.685655  27.761470
    15.760  30.522534 -13.572761  27.338713
    15.770  30.522534 -14.445798  26.887618
    15.780  30.522534 -15.303861  26.408653
    15.790  30.522534 -16.146060  25.902313
    15.800  30.522534 -16.971523  25.369124
    15.810  30.522534 -17.779395  24.809639
    15.820  30.522534 -18.568837  24.224438
    15.830  30.522534 -19.339031  23.614126
    15.840  30.522534 -20.089180  22.979337
    15.850  30.522534 -20.818505  22.320729
    15.860  30.522534 -21.526251  21.638984
    15.870  30.522534 -22.211683  20.934809
    15.880  30.522534 -22.874092  20.208934
    15.890  30.522534 -23.512790  19.462111
    15.900  30.522534 -24.127116  18.695115
    15.910  30.522534 -24.716434  17.908741
    15.920  30.522534 -25.280131  17.103803
    15.930  30.522534 -25.817624  16.281136
    15.940  30.522534 -26.328356  15.441592
    15.950  30.522534 -26.811797  14.586043
    15.960  30.522534 -27.267446  13.715374
    15.970  30.522534 -27.694830  12.830489
    15.980  30.522534 -28.093508  11.932304
    15.990  30.522534 -28.463065  11.021751
    16.000  30.522534 -28.803119  10.099773
